776
2
3
6
9
10
13
17
18
20
21
22
24
26
27
28
30
31
32
34
35
36
39
40
41
42
44
45
46
50
52
53
57
58
63
64
65
69
70
72
73
74
75
76
77
80
81
83
84
86
87
88
89
90
91
92
94
96
97
98
99
101
102
103
104
106
111
113
114
115
116
118
119
120
123
130
132
133
136
138
139
140
142
144
146
150
152
161
164
165
166
175
176
177
178
187
188
190
191
192
193
195
198
202
203
204
205
210
211
212
215
216
217
219
221
222
223
224
228
230
232
236
237
238
239
240
241
242
244
245
248
251
252
253
256
258
260
262
263
266
267
271
272
277
278
279
280
281
288
293
294
295
297
298
299
300
303
306
307
308
309
310
311
313
315
316
317
318
320
321
322
324
325
329
330
331
333
337
338
342
344
349
351
353
358
359
360
362
363
364
365
366
367
369
370
372
373
374
375
377
378
379
382
383
385
386
387
388
390
391
392
393
397
398
399
400
403
404
405
410
414
415
417
419
422
429
431
433
437
438
439
440
443
444
450
451
454
455
459
460
463
465
472
473
479
480
483
485
486
488
489
491
492
494
502
503
505
507
509
512
515
516
517
521
522
524
526
527
528
530
533
535
536
537
539
541
542
543
547
548
549
550
551
552
554
556
557
558
559
560
561
562
563
565
566
567
568
570
580
582
586
588
591
597
598
600
602
605
606
607
609
612
613
615
619
620
622
627
640
641
643
644
649
650
652
656
657
658
659
660
661
662
666
670
673
674
675
677
681
682
684
686
690
691
692
693
694
697
699
703
704
705
710
712
713
714
717
718
721
724
726
727
730
731
732
736
737
742
743
744
746
747
750
751
752
754
757
762
767
768
771
772
773
774
775
776
777
782
783
784
787
788
790
792
795
796
799
800
802
803
804
808
809
810
815
816
818
822
825
826
829
833
835
837
843
845
847
849
851
852
853
854
857
859
861
862
866
867
871
872
874
878
879
881
882
884
888
896
899
900
902
906
907
908
909
910
913
914
917
919
921
923
924
928
932
933
934
935
936
938
942
944
945
947
948
953
955
957
958
961
963
968
970
972
973
975
976
977
979
983
984
985
987
988
989
992
1002
1004
1005
1009
1011
1012
1014
1020
1030
1033
1034
1035
1036
1037
1039
1045
1046
1050
1051
1054
1056
1057
1058
1059
1060
1062
1063
1064
1066
1067
1069
1072
1073
1075
1077
1078
1079
1080
1085
1088
1092
1093
1094
1100
1103
1104
1108
1109
1110
1115
1119
1120
1123
1124
1125
1126
1129
1130
1131
1134
1142
1143
1144
1146
1149
1151
1152
1156
1157
1159
1161
1163
1164
1165
1166
1169
1171
1172
1173
1174
1175
1176
1177
1184
1187
1188
1190
1191
1196
1197
1198
1205
1206
1207
1208
1210
1214
1215
1216
1217
1218
1220
1224
1226
1227
1230
1234
1235
1236
1237
1239
1241
1243
1244
1246
1249
1255
1257
1259
1262
1265
1268
1269
1271
1272
1274
1275
1277
1281
1283
1285
1286
1288
1289
1291
1293
1297
1299
1309
1312
1313
1314
1316
1317
1319
1320
1322
1323
1324
1327
1328
1331
1332
1333
1335
1341
1344
1346
1347
1350
1351
1352
1353
1355
1356
1357
1358
1361
1362
1363
1364
1366
1369
1370
1375
1378
1379
1382
1384
1386
1390
1392
1393
1395
1396
1399
1400
1408
1412
1413
1415
1416
1417
1420
1422
1423
1424
1428
1429
1430
1431
1433
1434
1436
1437
1440
1441
1447
1449
1454
1455
1456
1457
1459
1460
1463
1464
1466
1467
1469
1470
1472
1473
1474
1475
1476
1477
1478
1479
1481
1482
1483
1484
1489
1491
1492
1496
1497
1498
1499
1502
1503
1506
1507
1508
1510
1511
1512
1516
1520
1524
1527
1531
1532
1535
1537
1538
1541
1544
1545
1547
1549
1551
1553
1554
1557
1558
1559
1561
1562
1564
1565
1567
1570
1571
1573
1574
1575
1577
1579
1580
1583
1584
1588
1589
1590
1595
1597
1598
1599
1601
330
0
1
2
3
4
5
6
7
8
9
10
11
12
13
15
16
17
18
19
20
21
22
23
24
25
26
27
28
29
30
31
32
33
34
35
36
37
38
39
40
41
42
45
46
47
48
49
50
51
52
53
54
55
56
57
58
59
60
61
62
63
64
65
66
67
68
69
70
71
72
73
75
76
77
78
79
80
81
82
83
84
85
86
87
88
91
92
93
94
95
96
97
98
99
100
101
102
103
105
106
107
109
110
111
112
113
114
115
116
118
119
120
122
123
124
125
126
127
128
129
130
131
132
133
134
137
138
139
140
141
143
144
145
146
147
148
149
150
152
153
154
155
156
157
158
159
160
161
162
163
164
166
167
168
169
170
171
172
173
174
175
176
177
178
180
181
182
184
185
186
187
188
189
190
191
192
193
196
197
198
199
200
201
202
203
204
205
206
207
208
209
210
211
212
213
214
215
216
217
218
219
223
224
226
227
228
229
230
231
232
233
234
236
237
238
239
240
241
242
243
244
245
246
247
248
249
251
252
253
254
256
257
258
259
260
261
262
265
266
267
268
271
272
273
275
276
278
279
280
281
283
284
285
286
287
288
289
290
292
293
294
295
296
297
298
299
300
301
305
308
309
310
311
312
313
314
316
317
318
319
321
322
323
324
325
326
327
329
330
331
332
333
334
335
336
337
338
339
340
341
342
343
344
345
346
350
351
354
355
356
357
358
359
360
362
363
364
365
368
369
370
372
373
374
375
377
378
379
380
381
