1060
2049
2053
7
2055
2056
2058
11
2059
2060
13
2062
15
16
2064
2065
20
21
2069
24
2072
26
2075
28
2076
29
2077
30
2078
31
33
2081
2082
35
36
37
2085
38
2087
40
2088
2089
2091
44
45
46
2094
2095
2100
2101
54
2103
56
57
58
2107
60
61
2110
63
2111
64
2112
66
67
69
2117
72
2120
2121
74
2122
2123
2124
78
2126
80
2128
81
82
2130
83
2131
2132
85
2134
2135
88
2136
2137
2139
93
2141
94
96
2144
97
2145
98
2146
99
2147
100
2149
102
103
104
105
2153
106
107
2155
2156
2157
110
111
2162
115
2163
2165
120
2168
121
2169
123
126
127
2176
129
2177
2179
2181
136
137
140
142
143
144
146
147
149
151
152
153
154
158
160
161
165
167
171
175
176
177
179
182
184
186
189
190
193
194
195
197
198
200
202
203
205
209
213
214
215
218
220
222
223
224
226
227
228
229
230
231
233
234
235
238
240
242
248
250
253
254
260
264
269
272
273
276
278
279
280
281
284
289
291
292
293
295
299
303
304
305
308
309
310
311
313
314
316
320
321
325
326
330
331
332
334
338
342
345
346
347
350
353
354
355
358
359
360
361
362
366
369
370
375
377
380
381
382
383
384
385
386
388
389
390
392
393
394
397
398
399
403
404
405
408
412
415
416
417
418
423
427
429
432
436
437
438
439
441
443
444
447
449
450
451
452
458
462
463
466
468
470
472
475
477
480
483
485
486
490
493
498
499
502
504
505
507
508
509
511
512
514
516
518
520
522
526
527
531
537
538
539
540
542
543
550
552
553
555
559
562
563
571
573
574
577
578
581
588
590
592
597
598
601
602
603
608
609
610
611
612
614
615
616
617
620
622
623
625
628
629
630
631
636
641
643
645
646
647
648
650
654
655
656
660
662
663
665
666
667
668
678
680
683
684
685
689
690
691
692
693
695
696
699
700
701
702
704
705
707
710
711
722
726
727
729
730
731
732
734
735
736
741
743
744
745
748
750
752
753
755
762
763
764
766
767
768
769
770
771
776
779
780
781
787
788
791
792
796
797
798
799
801
802
804
807
808
812
813
817
819
821
824
825
827
829
831
836
837
838
841
842
843
850
851
852
855
857
862
864
866
867
871
875
876
880
884
887
888
890
892
894
895
896
899
902
904
905
911
913
914
915
916
921
922
923
924
926
928
932
933
936
938
939
941
945
949
950
954
956
957
958
963
964
965
969
971
973
974
977
984
985
986
989
990
992
993
994
995
996
999
1004
1005
1012
1013
1017
1018
1019
1020
1023
1024
1025
1026
1027
1034
1036
1038
1039
1043
1045
1046
1047
1049
1050
1052
1054
1056
1057
1058
1063
1068
1070
1072
1073
1075
1076
1080
1082
1084
1085
1089
1092
1093
1094
1095
1102
1103
1105
1106
1107
1108
1109
1111
1112
1113
1114
1117
1118
1121
1122
1123
1125
1126
1128
1131
1133
1135
1136
1137
1138
1141
1143
1144
1146
1147
1148
1150
1151
1152
1153
1155
1156
1158
1160
1161
1163
1164
1166
1168
1169
1170
1172
1175
1176
1177
1179
1182
1183
1184
1187
1188
1190
1191
1192
1194
1195
1197
1199
1200
1202
1203
1205
1208
1210
1212
1214
1215
1216
1218
1219
1221
1222
1224
1225
1228
1229
1230
1231
1232
1233
1234
1235
1237
1238
1241
1243
1245
1246
1248
1249
1252
1254
1260
1264
1266
1267
1269
1270
1271
1277
1278
1280
1283
1284
1286
1288
1292
1296
1299
1301
1303
1304
1305
1306
1308
1315
1317
1318
1319
1320
1323
1324
1325
1326
1327
1329
1330
1331
1332
1333
1335
1339
1341
1343
1344
1345
1346
1348
1350
1351
1353
1355
1357
1358
1359
1361
1368
1376
1377
1378
1380
1381
1383
1384
1385
1386
1387
1388
1391
1395
1396
1399
1400
1401
1402
1404
1405
1406
1407
1408
1411
1412
1414
1416
1417
1420
1421
1422
1424
1425
1427
1428
1430
1431
1434
1435
1438
1440
1441
1442
1444
1445
1446
1448
1452
1457
1458
1461
1463
1466
1468
1471
1476
1478
1480
1481
1482
1483
1484
1485
1489
1494
1495
1497
1499
1501
1502
1503
1505
1509
1510
1511
1512
1513
1514
1516
1519
1521
1523
1524
1525
1531
1535
1536
1539
1540
1541
1542
1543
1544
1546
1547
1556
1557
1559
1561
1562
1563
1565
1567
1569
1574
1577
1582
1583
1585
1586
1587
1588
1591
1592
1595
1596
1597
1601
1604
1605
1607
1609
1612
1613
1614
1620
1622
1625
1628
1630
1631
1633
1634
1635
1636
1642
1643
1644
1645
1646
1649
1653
1654
1656
1657
1659
1662
1663
1664
1665
1667
1668
1670
1671
1672
1674
1675
1676
1679
1685
1689
1691
1694
1695
1696
1697
1698
1701
1704
1706
1708
1710
1713
1715
1716
1717
1720
1722
1724
1729
1730
1733
1734
1737
1738
1740
1741
1744
1747
1748
1749
1751
1753
1756
1758
1761
1762
1763
1767
1768
1772
1774
1776
1778
1781
1782
1783
1784
1787
1789
1790
1793
1794
1798
1802
1803
1804
1807
1808
1809
1812
1813
1816
1818
1819
1820
1821
1823
1825
1826
1829
1830
1834
1835
1836
1838
1839
1840
1841
1842
1846
1849
1851
1853
1855
1857
1858
1862
1866
1869
1871
1873
1877
1878
1880
1881
1882
1883
1884
1889
1890
1892
1894
1896
1899
1902
1903
1906
1908
1912
1913
1914
1915
1917
1918
1920
1921
1923
1925
1927
1928
1929
1932
1940
1944
1945
1946
1947
1953
1955
1961
1962
1964
1967
1969
1971
1976
1977
1980
1981
1983
1984
1993
1994
1995
1996
1997
1998
1999
2000
2001
2005
2006
2007
2009
2010
2012
2015
2017
2020
2022
2025
2028
2034
2038
2039
2040
2042
2043
2044
2046
144
0
1
2
3
4
5
6
7
8
9
10
11
12
13
14
15
16
17
18
19
20
21
22
23
24
26
27
28
29
30
31
32
33
34
40
41
42
43
44
45
46
47
48
49
50
52
53
54
55
56
57
58
59
60
61
62
63
64
66
67
68
69
70
71
72
73
74
75
77
78
79
80
81
82
83
84
85
86
87
90
91
92
93
94
95
96
97
98
99
100
101
102
105
106
107
108
109
110
111
112
113
114
118
119
120
121
122
123
124
125
126
127
128
131
132
133
134
135
136
137
138
139
140
141
145
146
147
148
149
150
151
152
153
154
157
158
159
160
161
162
163
164
165
166
