650
0
1024
1025
2
1027
4
1028
5
1029
6
1030
1031
8
9
10
1034
1035
12
13
1037
1038
15
16
1040
17
1041
18
21
1045
1046
23
1047
24
25
26
1050
27
1051
28
1052
1053
30
1054
1056
1057
34
1058
36
37
1061
38
1062
39
40
1064
1065
42
1066
43
1068
46
47
1071
1072
51
52
54
1078
1080
1081
58
1082
59
1084
61
1088
65
66
1090
67
1091
68
69
71
1095
72
1096
73
74
1098
1099
76
1100
77
1101
78
1102
79
1103
1104
81
1105
82
84
85
86
88
91
93
94
96
97
99
100
101
102
103
104
107
108
111
113
114
116
118
121
122
123
126
128
131
132
135
136
138
139
142
145
146
147
148
149
150
154
155
156
158
159
163
166
169
170
171
172
173
175
176
178
179
180
181
184
185
186
189
193
194
195
197
199
200
202
208
210
218
220
221
222
224
230
232
233
234
236
239
240
243
244
246
247
250
251
253
254
255
256
258
259
262
264
265
268
270
273
274
275
276
277
278
279
280
281
282
283
285
288
291
294
299
300
302
303
305
307
309
310
315
316
317
319
322
323
324
325
326
327
328
329
331
332
333
334
336
337
338
339
341
347
348
350
351
352
355
358
361
363
364
365
366
367
368
369
370
372
373
375
377
378
379
380
382
384
385
388
389
390
391
392
395
397
398
400
402
403
404
405
406
407
408
411
412
414
415
416
417
418
421
422
423
424
426
428
429
430
432
435
436
438
440
442
443
444
445
447
448
449
452
453
454
459
460
463
464
465
466
467
468
469
470
471
472
473
474
475
476
477
478
485
486
487
490
491
492
494
496
497
499
501
502
504
506
509
511
514
516
517
518
520
524
525
526
527
529
530
532
534
536
538
541
542
543
544
545
548
552
553
554
555
556
557
559
560
561
565
566
569
575
576
577
578
581
582
583
584
588
589
594
595
596
597
598
599
600
603
605
606
607
609
610
616
618
619
620
621
622
623
624
625
629
630
631
632
633
634
637
638
639
640
642
644
645
647
649
650
651
652
654
655
659
660
661
662
663
664
666
667
670
671
674
675
676
678
679
680
681
682
683
684
686
687
688
690
691
692
697
698
700
701
702
704
705
706
707
708
710
711
713
715
717
721
722
723
724
726
727
728
729
731
732
733
736
737
738
740
741
742
743
745
746
748
749
750
751
754
756
757
758
760
761
762
764
765
767
768
771
772
773
774
776
778
779
782
786
788
789
791
792
799
801
802
805
808
810
816
819
824
829
832
833
835
838
841
842
843
845
846
847
850
852
853
855
857
858
860
861
862
867
869
870
872
873
875
877
882
883
884
889
890
891
892
893
896
898
902
903
905
906
907
908
909
910
911
912
914
915
916
917
920
922
926
927
929
930
931
932
933
934
935
937
938
941
942
944
947
948
949
952
953
955
956
958
960
961
967
968
970
971
972
973
975
976
977
979
983
985
986
988
991
992
993
994
995
996
1000
1001
1003
1004
1006
1007
1008
1009
1010
1011
1013
1014
1016
1018
1020
1021
1022
65
0
1
2
3
4
5
6
7
8
9
10
11
13
14
15
16
17
18
19
20
22
23
24
26
27
28
29
31
32
33
35
36
38
41
42
43
45
47
48
49
51
53
54
56
58
59
60
61
62
63
64
65
67
68
69
71
73
76
77
78
80
82
84
85
87
