5157
0
1
8193
8195
8196
5
8197
8198
8199
8200
8201
10
11
8203
12
8204
13
15
16
17
8209
8211
21
8213
25
8219
28
8222
32
8224
33
34
8226
35
8228
8229
39
8231
8232
8233
42
8234
43
8235
45
8238
47
48
8240
49
8242
8244
8246
55
8248
8249
61
62
8255
8256
65
8257
8258
67
8259
68
8260
8261
8262
71
8263
73
8265
74
8266
75
78
8270
8271
80
8272
81
84
85
8278
87
88
8280
89
90
8282
8283
92
8284
8285
8286
95
98
8291
100
8292
102
8294
103
105
8298
107
8299
108
109
8304
8305
114
115
8307
116
8308
8310
120
8313
122
123
8317
8318
127
8319
8321
8322
131
132
8324
133
135
136
137
8329
138
8332
8333
142
144
8336
146
148
149
8341
8342
8343
155
156
8348
157
8349
158
8350
8351
8352
161
8353
8354
163
8355
8357
166
8358
167
8359
168
169
170
8365
8367
176
177
8369
8370
8371
180
8373
182
8374
184
8376
186
8380
189
8381
190
8382
191
196
8389
8391
200
202
8394
205
8397
8398
207
208
8401
211
212
8404
213
8406
8407
8409
8410
219
8411
220
8412
222
8416
8418
228
8421
8422
8423
232
233
235
237
238
8431
8432
241
242
8434
243
8436
245
8438
247
248
8440
8441
8442
252
253
254
8446
255
8448
257
258
8450
8451
261
8453
8454
264
8457
8458
8459
268
8460
269
270
8462
8463
272
273
8465
274
8466
8467
8468
8469
278
279
8471
280
281
282
8474
283
8476
285
8477
288
289
8481
290
291
292
293
294
8487
297
8489
299
8491
8492
302
8494
303
8497
308
8500
309
8501
8502
311
8503
312
313
315
8508
8509
8510
319
8512
321
322
323
8515
324
325
326
8519
8520
329
330
8522
8523
8524
335
8527
8528
8529
8531
8532
343
8535
8536
345
8537
8538
8539
349
8541
350
8542
8543
352
8544
8545
354
8546
355
8547
356
8548
357
8550
8553
8554
363
8556
365
8557
369
8561
370
8562
8563
372
8564
8566
8567
378
380
8572
383
384
385
8577
8578
387
388
8581
390
8582
8583
8584
8586
8587
396
8588
397
8589
398
8590
8591
400
8593
8597
406
8598
408
8600
409
8602
411
8603
413
8605
8606
8607
8609
8610
419
8611
420
421
8614
424
8616
426
8618
8619
429
430
432
433
434
8628
438
439
8631
440
8632
441
8633
442
8634
445
446
447
8639
8640
8641
8643
453
8645
454
8647
457
8649
8650
464
8656
465
8657
466
8658
467
8659
8662
472
8664
473
8665
8666
475
476
477
8670
479
480
8672
8673
8674
483
484
8676
485
8677
487
8679
488
8680
489
8681
490
8682
492
8684
8685
8686
495
498
502
8695
504
8699
508
8701
510
8702
512
8705
515
8707
516
8708
8711
520
521
522
8715
8717
526
527
528
530
531
532
533
534
535
537
8730
539
8732
541
8733
542
543
8736
545
8738
8739
550
551
8743
553
555
556
8748
557
8750
560
8752
8753
8755
564
8756
566
8758
567
568
8760
569
570
8762
8764
8765
574
8769
578
580
8772
581
582
8774
8775
584
8776
585
8778
587
8779
588
8780
8781
591
592
8784
594
595
8787
596
598
599
8791
601
602
8797
8798
8800
609
8801
610
8802
8804
614
8806
8808
617
619
8811
8812
621
624
8817
626
8818
627
8819
8820
629
8821
630
8822
631
632
8824
636
8828
637
8829
8832
641
642
643
644
8837
646
8838
8839
648
8840
8841
650
8842
651
8843
655
8847
656
8848
8849
8850
8852
661
8853
8854
666
8858
8860
8861
8862
671
8863
8865
674
8866
8867
676
8868
677
8869
678
8870
679
680
8872
681
682
8874
8876
685
8877
686
687
8879
688
689
8881
690
8882
691
693
8886
695
8887
696
8888
697
8889
699
8894
703
704
8897
706
708
709
710
8902
713
715
8907
8908
718
8910
719
8911
8912
8913
8914
8915
724
725
8917
727
8919
728
730
8923
8925
8926
8927
736
8928
738
8931
741
8933
742
744
745
8937
746
8939
749
751
8944
753
8946
8947
756
8951
762
8955
764
8956
8958
8959
768
769
8961
8962
771
772
8964
8965
8966
8967
776
777
8969
8970
779
8971
782
784
785
8977
787
8979
8981
8982
8984
794
8986
795
796
8989
798
799
8991
801
803
8996
805
8997
806
8998
808
9000
809
9001
9002
811
9003
9005
815
816
9009
9010
9011
820
9012
825
9017
9018
9019
828
9021
830
9022
831
833
834
835
836
9030
839
840
9032
9033
9034
9036
845
846
9038
847
9039
848
849
9042
852
853
9045
9047
9048
9051
9052
861
863
9055
865
9057
866
9058
868
869
9062
871
9064
873
9065
9066
875
9067
876
9068
877
9069
9070
9071
9072
881
882
883
885
886
887
9080
889
890
891
892
9084
9085
894
896
897
898
899
9091
9092
901
9093
902
903
9095
9097
9099
9101
911
912
913
9105
914
9106
9107
917
9110
919
920
9112
9113
922
9114
924
9117
9118
930
9122
931
9123
9124
934
9126
9128
937
9129
938
9130
939
9131
940
941
942
9134
944
9136
945
9139
949
9141
950
9142
951
952
953
954
957
958
9150
960
9152
961
9153
9154
964
967
9159
9161
971
9163
972
974
9166
9168
9169
9171
980
9172
981
982
9174
9175
9176
988
990
9182
9183
992
993
9186
995
9187
996
997
9189
9191
9192
1001
9193
1002
9194
9197
1007
1008
1009
9201
9202
1011
9203
1012
9204
1016
9208
1017
9209
9211
1021
9215
9216
9217
1026
9218
9219
1028
9221
9223
9225
1034
9226
1035
9227
9229
9230
9231
1040
9232
1041
9233
1042
1043
9235
1044
1045
9237
1046
1047
1052
1053
9245
1054
9249
9250
9251
1061
1062
9254
1063
1064
1065
1066
1067
9260
9261
1071
9265
9266
1075
9268
9269
1078
1080
1082
1083
9276
9277
1086
1087
1088
1089
9283
1092
9284
1095
1096
1097
9289
9291
1101
9293
1103
9295
1104
1105
9297
1107
9299
1108
9300
1110
1111
9303
1112
1114
9307
1116
9313
1122
1123
1125
1126
1127
1128
9320
1129
1130
9322
9323
1132
9324
9325
9326
1135
1137
9330
1139
1140
9332
9333
1144
9336
9337
1146
1147
9339
1149
9341
1150
9342
9343
1152
9344
9345
9346
1155
9347
9349
9350
9351
9354
1163
9355
1164
1165
1166
9358
1167
9359
9360
1169
9361
9362
1171
9363
1172
9364
1173
1174
9366
1176
1177
9371
9372
9373
1183
9376
1185
9378
1187
9379
1189
9381
9382
1191
9383
1192
9384
9385
9386
1195
1196
9388
1197
9389
9390
1199
9391
9392
1201
9393
1202
9396
1205
9397
9398
1207
9399
1208
9400
1209
1212
1214
9406
1215
9407
9408
9409
1218
9410
1220
9412
1221
9413
1222
9416
1226
9418
1227
9420
1229
1231
9424
1233
9425
9426
1236
1237
9429
1238
1239
9431
1240
9432
9435
1244
1246
9438
1248
1249
1250
9442
9443
9444
1253
9445
1254
1255
1258
1259
9451
9452
1261
9453
9455
1265
9457
9458
1267
9459
1268
1269
1270
9462
9463
1272
1273
1274
9466
9467
9468
1279
9471
1280
9472
1281
1282
1283
9480
9481
1290
1291
9483
9484
1294
9486
1295
9487
1302
9494
1303
9495
1304
9496
9497
9498
1307
9499
1308
9500
1310
1311
9503
1312
1313
1314
9506
1315
9509
9512
9513
9514
1325
9520
1330
9523
1332
9524
9525
1334
1336
1338
9531
1340
1341
9533
9534
1344
9536
1345
1346
9538
1347
9539
1348
9540
1349
9541
1350
9543
1352
9544
1353
9545
1355
1358
9550
9551
1362
9554
1363
9555
1364
1365
9559
1368
9561
1370
9564
1373
9565
1374
9567
9568
9570
9572
1382
9574
1383
9575
1384
9576
1385
1386
9578
9579
9580
9582
1391
9583
1392
9584
9585
1394
9586
9587
1396
9588
9589
1398
9591
9592
1402
9594
9595
1404
1405
1406
9600
9601
9604
1416
9608
1417
9609
9610
1419
9611
9612
1421
9615
1424
1425
9617
9618
1427
9619
9620
1429
9622
1431
1432
9624
1433
9626
1435
9627
1437
1438
9631
9632
9633
1442
9634
9635
1444
9637
1446
1447
9639
9641
1450
9642
1452
9644
1453
9645
1455
9648
1457
1458
9650
1459
9653
1463
1465
9658
1467
9659
9660
9661
1470
1471
9663
9664
1473
9665
9666
1475
1476
9669
9671
1480
1481
1482
9674
9676
1485
9677
9678
1487
1489
9681
1490
1491
1492
9684
9685
9686
1497
1499
9692
1501
9693
1503
9695
1504
9697
1506
9699
1509
1511
9703
1512
9704
9705
9706
1515
9708
9709
1518
9711
1520
9712
1521
9714
9715
1525
9718
9719
9720
1529
1530
9722
1532
9724
1534
1535
9727
1537
9729
9730
1539
1540
9732
1541
9733
9736
9737
1546
9738
9740
9741
1550
9742
1551
9743
1552
1554
1555
9747
1556
9748
9749
1558
9750
1560
9752
1561
9754
9756
9758
1567
9759
9760
1569
9763
9764
9765
9766
1575
9767
1576
1578
9771
1580
9773
9774
1583
9776
1589
9782
9783
9784
9786
9787
9788
9789
9790
9791
1600
9793
1602
1605
9797
9798
9799
1609
9801
9802
1611
9803
9804
1613
9805
1614
1615
9807
9808
1617
9809
1618
9810
1620
1622
1623
1624
9816
9817
9819
1629
1630
9822
9823
1632
1634
9829
1638
9830
9833
1642
9834
1643
9835
9836
1645
1646
1648
9840
1649
9841
9843
1653
9845
1654
9848
1658
1659
9851
1660
9852
1662
9855
9858
1669
9862
1671
1673
9865
9866
1675
9867
9868
1678
1679
9871
1680
9873
1682
1683
1684
9877
9878
1687
9879
1688
9880
1689
1690
9882
1691
9883
1692
9886
9887
1697
1699
9891
9892
1701
9893
1702
9895
9896
1705
1706
9898
1707
9899
1708
9900
1710
9902
1711
9903
9904
9905
1715
9907
9908
9909
9910
1719
1720
9912
1721
9913
1722
9914
1724
9916
9917
1726
9918
1727
9919
1728
9920
9921
9922
1731
9923
9924
1733
9925
1734
9926
1735
9927
1736
1737
1738
9930
1739
9931
1740
9932
1741
9933
1742
1743
1744
1746
9938
1747
1749
1750
9943
9946
9947
9948
1757
9951
1760
9952
9953
9956
1766
9959
1768
9960
9961
1770
9962
1772
9964
1773
9966
1775
9969
9970
1779
9971
9972
1781
1782
1783
9975
9976
1785
9978
9979
1788
9981
1790
1791
1792
1793
9985
1794
1795
9987
1796
9988
9989
9990
1802
9994
9995
1804
9996
1806
9998
1807
1808
10000
10001
1810
1811
10003
10005
10006
1815
10008
10012
1821
10013
10014
10016
10017
10018
1827
10019
1828
1830
1831
10024
1833
10026
1835
1836
10028
10029
10030
10031
1840
1841
1842
10034
1843
10036
1846
1847
1848
10040
1849
10041
1850
10042
1851
10043
10045
1854
1856
10048
10049
1858
1859
10051
10052
10053
1862
10054
1863
10055
1864
10056
10057
1866
1867
1869
1870
1871
10064
10065
10068
1877
1878
1879
1880
10073
1884
10076
10077
1886
10079
10080
1889
1890
10082
10083
10084
1893
1895
1896
10089
10090
10091
1900
1901
10093
1904
10096
10097
10098
10101
10103
1912
10104
10105
1914
1915
1916
10108
10109
1919
1920
1921
1923
10115
10118
1927
10120
10122
10123
10124
1933
10125
1936
10128
1937
1938
1940
10136
1945
10137
10138
10139
1949
1950
10142
10144
1953
10145
10146
1955
10147
1956
10149
1958
10150
1959
10151
1960
10152
1961
10153
1962
10156
10158
10159
1968
1969
10162
10163
10166
10167
1976
1977
10169
10173
1983
10175
1984
10176
1986
1987
1988
10180
1990
1991
1992
10184
1993
1994
1995
1996
10190
1999
10191
2000
2002
2003
10196
10197
10198
2007
10200
2009
2011
10203
2012
2013
10205
2014
2016
10209
2019
2020
10212
2021
10213
2022
2023
10215
2025
2026
2027
2028
2031
2032
10224
2033
2034
2036
10228
2037
10229
10230
10231
2040
2042
10236
10237
2047
10239
2048
2049
2050
10242
10243
2052
10245
2054
10248
2059
2060
10254
10257
10258
2067
10260
2069
10262
2071
10263
10264
10266
10268
10269
2078
2079
10271
2080
10273
2082
2084
10276
10277
10278
2087
2088
10280
2090
10283
2092
10284
2093
10285
10286
10287
2096
2097
2098
10291
2100
10292
10294
2103
10296
10297
10298
2107
2108
10300
10301
10302
2111
10303
10304
10305
10306
2115
2116
10308
2117
10309
2118
10310
2119
10314
2123
10315
2124
10316
2125
10318
10319
10321
2131
10323
2133
10325
2135
10327
2136
10328
2137
10329
2138
10330
2140
10332
2141
2142
10334
10336
2145
10337
2146
2147
10339
2148
10340
2149
2151
2156
2157
2158
2160
2161
2162
2164
2165
2169
2170
2171
2172
2173
2174
2175
2176
2177
2180
2182
2183
2186
2188
2189
2192
2193
2195
2196
2202
2203
2205
2206
2207
2208
2210
2211
2212
2213
2214
2216
2217
2219
2220
2221
2222
2224
2227
2232
2234
2236
2237
2238
2240
2242
2245
2248
2251
2252
2256
2257
2263
2265
2267
2271
2273
2274
2276
2277
2278
2282
2283
2288
2289
2293
2296
2299
2301
2302
2303
2305
2307
2309
2312
2313
2315
2316
2317
2318
2319
2322
2324
2325
2329
2332
2334
2335
2336
2337
2340
2341
2342
2343
2344
2345
2347
2348
2349
2351
2352
2353
2354
2355
2356
2360
2365
2366
2370
2374
2375
2380
2382
2383
2385
2387
2388
2391
2392
2393
2396
2398
2399
2401
2403
2405
2411
2412
2413
2414
2415
2416
2417
2418
2420
2422
2423
2424
2425
2427
2428
2430
2431
2437
2445
2446
2448
2454
2455
2456
2459
2460
2461
2462
2463
2464
2467
2472
2477
2480
2481
2484
2485
2486
2488
2489
2490
2491
2492
2493
2494
2500
2502
2503
2505
2506
2507
2510
2511
2514
2517
2518
2519
2520
2524
2526
2527
2528
2531
2534
2540
2541
2542
2544
2546
2547
2548
2551
2553
2557
2559
2562
2563
2564
2566
2568
2569
2570
2571
2575
2576
2577
2578
2580
2583
2585
2586
2587
2588
2591
2592
2594
2596
2597
2599
2601
2605
2607
2608
2611
2612
2613
2616
2619
2621
2622
2624
2627
2631
2634
2641
2643
2648
2653
2654
2655
2658
2660
2661
2664
2666
2667
2670
2671
2672
2674
2675
2676
2677
2680
2681
2684
2686
2687
2694
2696
2697
2700
2704
2706
2707
2708
2709
2712
2713
2714
2715
2718
2719
2720
2721
2723
2724
2726
2731
2732
2733
2734
2737
2741
2742
2743
2745
2749
2750
2751
2753
2756
2758
2762
2764
2765
2767
2768
2769
2771
2773
2775
2776
2777
2778
2780
2781
2782
2783
2787
2791
2793
2794
2795
2796
2798
2799
2801
2805
2808
2809
2813
2814
2815
2816
2818
2822
2823
2824
2827
2829
2831
2834
2840
2841
2843
2844
2847
2848
2853
2854
2855
2857
2858
2862
2863
2866
2868
2869
2874
2876
2877
2879
2885
2890
2892
2893
2894
2895
2896
2898
2899
2900
2903
2904
2909
2912
2913
2915
2917
2918
2922
2924
2926
2928
2929
2930
2933
2934
2938
2939
2943
2947
2949
2950
2954
2956
2958
2959
2960
2961
2962
2963
2965
2967
2968
2969
2970
2971
2973
2974
2976
2977
2979
2981
2982
2983
2984
2986
2988
2989
2991
2992
2996
2997
2998
2999
3000
3002
3003
3006
3008
3011
3012
3014
3015
3018
3020
3021
3022
3023
3024
3028
3030
3031
3032
3033
3035
3036
3037
3039
3042
3045
3046
3047
3049
3050
3051
3058
3059
3062
3063
3066
3067
3068
3070
3072
3073
3074
3075
3077
3079
3083
3084
3085
3086
3087
3088
3090
3092
3094
3095
3096
3097
3098
3099
3100
3101
3103
3104
3106
3107
3108
3112
3113
3114
3119
3123
3127
3128
3130
3131
3134
3135
3136
3138
3140
3142
3143
3144
3145
3146
3149
3150
3154
3155
3157
3160
3161
3162
3163
3165
3166
3167
3168
3170
3171
3172
3173
3174
3175
3176
3177
3183
3186
3189
3190
3192
3193
3195
3196
3198
3199
3202
3203
3204
3208
3210
3213
3215
3217
3218
3221
3225
3227
3229
3234
3235
3236
3237
3238
3239
3240
3243
3244
3245
3246
3247
3249
3251
3254
3257
3261
3264
3265
3266
3267
3268
3271
3275
3276
3280
3282
3284
3286
3291
3293
3295
3297
3298
3299
3300
3301
3302
3305
3306
3307
3308
3309
3310
3311
3312
3313
3314
3316
3318
3319
3320
3322
3326
3327
3328
3330
3331
3332
3335
3336
3340
3341
3343
3345
3346
3350
3351
3353
3358
3361
3362
3363
3365
3367
3368
3370
3374
3377
3378
3380
3381
3382
3383
3385
3386
3387
3390
3391
3392
3394
3395
3396
3398
3400
3401
3404
3405
3406
3407
3408
3411
3413
3414
3415
3417
3420
3421
3422
3425
3426
3428
3432
3437
3439
3442
3444
3451
3452
3453
3454
3457
3458
3459
3460
3463
3464
3465
3466
3470
3471
3473
3474
3476
3478
3479
3480
3481
3484
3490
3491
3494
3495
3496
3497
3498
3500
3501
3502
3505
3506
3511
3516
3519
3520
3521
3525
3526
3528
3531
3536
3538
3540
3543
3544
3547
3554
3559
3560
3563
3565
3567
3568
3569
3575
3577
3579
3584
3588
3589
3593
3596
3597
3598
3600
3603
3604
3606
3611
3615
3616
3617
3618
3620
3622
3623
3624
3627
3629
3630
3633
3634
3635
3636
3638
3639
3642
3644
3649
3650
3654
3655
3657
3659
3662
3668
3669
3670
3676
3677
3678
3679
3680
3681
3683
3685
3686
3687
3689
3690
3694
3695
3696
3697
3698
3700
3701
3702
3703
3704
3705
3707
3709
3710
3712
3713
3715
3716
3720
3721
3723
3724
3727
3728
3729
3730
3731
3733
3735
3739
3741
3747
3751
3753
3755
3756
3757
3758
3759
3761
3764
3768
3769
3770
3772
3779
3780
3781
3782
3783
3785
3787
3791
3793
3794
3795
3796
3797
3799
3803
3809
3813
3814
3815
3816
3820
3821
3822
3824
3826
3830
3831
3832
3833
3834
3837
3840
3841
3842
3850
3852
3853
3855
3856
3858
3859
3861
3863
3865
3870
3872
3873
3874
3884
3886
3887
3891
3892
3897
3898
3905
3907
3910
3912
3913
3916
3918
3919
3920
3922
3923
3924
3926
3930
3932
3936
3937
3938
3939
3940
3943
3950
3951
3952
3962
3964
3965
3967
3968
3973
3976
3977
3979
3980
3981
3984
3985
3987
3988
3990
3992
3993
3995
3998
4001
4006
4007
4008
4009
4012
4013
4014
4017
4018
4020
4021
4025
4029
4032
4035
4036
4039
4040
4042
4043
4044
4046
4047
4048
4049
4050
4051
4053
4055
4056
4057
4060
4062
4063
4065
4067
4069
4070
4071
4072
4074
4076
4077
4078
4079
4083
4084
4087
4088
4090
4091
4092
4093
4094
4097
4098
4100
4101
4102
4103
4104
4105
4114
4123
4125
4127
4131
4133
4135
4137
4140
4141
4142
4145
4152
4153
4155
4157
4159
4160
4161
4163
4169
4171
4174
4175
4177
4179
4180
4186
4187
4188
4192
4194
4197
4199
4202
4204
4206
4208
4209
4210
4212
4219
4224
4226
4229
4230
4231
4233
4234
4237
4238
4239
4241
4244
4245
4247
4251
4253
4255
4259
4262
4265
4266
4268
4269
4270
4271
4272
4275
4277
4280
4283
4285
4286
4287
4288
4292
4295
4298
4299
4300
4301
4305
4306
4307
4310
4311
4312
4313
4315
4317
4320
4322
4323
4325
4326
4327
4328
4329
4332
4333
4335
4336
4341
4343
4345
4346
4347
4350
4351
4352
4353
4355
4358
4360
4361
4362
4365
4366
4367
4368
4373
4374
4376
4379
4381
4385
4390
4392
4396
4398
4400
4408
4411
4416
4417
4418
4419
4421
4423
4424
4426
4430
4433
4435
4436
4437
4438
4442
4443
4447
4449
4451
4454
4455
4456
4457
4458
4460
4464
4468
4470
4472
4473
4478
4480
4481
4482
4485
4487
4489
4491
4493
4494
4496
4497
4498
4500
4501
4504
4506
4508
4512
4513
4514
4521
4523
4526
4527
4531
4533
4536
4539
4540
4543
4545
4546
4547
4548
4549
4550
4552
4555
4558
4560
4561
4562
4563
4566
4571
4573
4575
4576
4577
4578
4579
4580
4581
4582
4583
4586
4590
4592
4594
4599
4601
4604
4605
4607
4608
4609
4611
4612
4613
4615
4616
4617
4619
4620
4621
4623
4624
4625
4630
4631
4632
4633
4637
4640
4642
4643
4645
4648
4654
4655
4657
4660
4662
4663
4664
4665
4667
4668
4672
4675
4677
4678
4681
4682
4683
4684
4685
4687
4688
4691
4692
4697
4698
4699
4700
4702
4704
4705
4706
4707
4710
4713
4714
4716
4718
4722
4723
4725
4726
4728
4729
4731
4732
4734
4736
4737
4738
4741
4744
4746
4748
4750
4755
4756
4757
4758
4759
4760
4762
4764
4765
4767
4768
4770
4771
4772
4773
4774
4776
4777
4778
4781
4785
4786
4788
4790
4792
4795
4796
4802
4803
4804
4805
4806
4807
4808
4809
4812
4816
4819
4820
4821
4822
4824
4825
4828
4829
4832
4834
4835
4840
4841
4843
4844
4845
4846
4847
4848
4851
4852
4853
4854
4859
4861
4863
4864
4865
4866
4868
4869
4871
4872
4874
4875
4876
4879
4880
4881
4884
4887
4890
4891
4894
4895
4901
4902
4905
4906
4907
4908
4912
4914
4920
4921
4922
4924
4925
4926
4928
4929
4932
4933
4935
4941
4944
4945
4947
4948
4951
4952
4953
4954
4956
4957
4958
4959
4961
4962
4963
4966
4969
4970
4971
4977
4978
4979
4980
4982
4983
4984
4986
4988
4994
4996
4997
5001
5002
5004
5007
5010
5011
5015
5016
5020
5021
5023
5024
5025
5028
5032
5033
5035
5036
5038
5040
5041
5042
5046
5049
5050
5051
5052
5053
5055
5058
5062
5065
5067
5068
5072
5077
5079
5080
5081
5082
5083
5086
5087
5096
5101
5103
5106
5110
5111
5115
5117
5119
5120
5125
5128
5129
5133
5136
5138
5140
5141
5142
5144
5145
5149
5151
5152
5154
5157
5158
5159
5163
5165
5167
5170
5171
5172
5173
5174
5175
5177
5178
5179
5180
5182
5186
5187
5188
5189
5190
5192
5194
5196
5200
5202
5205
5207
5208
5214
5217
5219
5220
5222
5226
5229
5230
5231
5233
5234
5237
5238
5239
5240
5241
5245
5247
5248
5250
5251
5253
5257
5261
5262
5263
5265
5266
5272
5273
5275
5283
5284
5285
5290
5292
5294
5295
5300
5301
5302
5303
5304
5305
5306
5309
5312
5313
5314
5319
5320
5323
5324
5325
5326
5328
5329
5331
5335
5337
5344
5345
5347
5348
5349
5350
5354
5355
5356
5357
5360
5361
5366
5371
5372
5377
5380
5382
5385
5387
5388
5392
5393
5394
5397
5398
5399
5400
5401
5402
5404
5405
5408
5410
5414
5415
5417
5420
5423
5424
5426
5427
5428
5429
5430
5432
5433
5434
5435
5438
5440
5445
5446
5447
5453
5454
5462
5463
5466
5467
5469
5470
5471
5473
5474
5477
5479
5484
5487
5493
5494
5496
5497
5498
5500
5502
5505
5506
5507
5508
5511
5512
5514
5516
5517
5518
5522
5526
5527
5530
5532
5534
5535
5536
5540
5541
5544
5545
5546
5547
5548
5549
5551
5553
5556
5557
5558
5563
5565
5566
5568
5569
5571
5572
5573
5574
5575
5577
5582
5585
5586
5588
5590
5592
5596
5597
5599
5600
5605
5606
5609
5610
5613
5614
5618
5620
5621
5622
5623
5629
5630
5631
5632
5634
5640
5642
5643
5644
5645
5646
5647
5649
5650
5652
5653
5656
5657
5659
5660
5661
5662
5663
5665
5666
5667
5668
5669
5670
5673
5674
5675
5680
5681
5685
5687
5688
5694
5696
5697
5700
5706
5707
5710
5713
5714
5716
5718
5719
5724
5726
5729
5730
5734
5735
5738
5742
5745
5748
5751
5752
5757
5758
5759
5760
5761
5764
5766
5767
5768
5772
5775
5778
5779
5784
5789
5792
5795
5797
5799
5800
5802
5803
5804
5808
5809
5811
5813
5814
5815
5816
5820
5822
5823
5824
5825
5826
5828
5829
5832
5833
5834
5837
5838
5841
5842
5843
5844
5845
5846
5847
5850
5853
5856
5859
5860
5861
5863
5866
5869
5873
5874
5875
5876
5878
5881
5882
5883
5884
5885
5886
5888
5889
5892
5893
5895
5896
5902
5904
5906
5910
5911
5912
5917
5918
5923
5926
5927
5928
5932
5933
5934
5935
5936
5937
5938
5939
5940
5948
5950
5951
5954
5959
5960
5964
5966
5967
5968
5969
5971
5976
5978
5979
5981
5982
5983
5985
5986
5987
5988
5991
5993
5995
5998
5999
6001
6002
6003
6005
6013
6017
6018
6020
6022
6027
6029
6030
6034
6035
6036
6037
6039
6040
6041
6048
6051
6052
6053
6054
6055
6057
6058
6059
6061
6069
6072
6074
6076
6077
6080
6083
6085
6087
6089
6090
6092
6094
6096
6097
6104
6105
6107
6110
6112
6114
6115
6120
6121
6122
6126
6128
6129
6130
6131
6133
6136
6137
6139
6140
6143
6146
6147
6149
6151
6153
6154
6155
6156
6161
6162
6163
6164
6170
6174
6177
6178
6180
6184
6186
6188
6190
6191
6192
6193
6194
6196
6200
6201
6202
6204
6205
6207
6208
6212
6213
6214
6216
6218
6221
6223
6224
6225
6226
6227
6228
6229
6232
6234
6235
6236
6237
6240
6241
6244
6245
6247
6248
6250
6251
6252
6253
6254
6256
6261
6263
6266
6267
6272
6274
6278
6281
6283
6286
6288
6289
6290
6291
6292
6293
6294
6295
6296
6297
6298
6303
6307
6308
6311
6312
6313
6314
6316
6319
6322
6325
6326
6330
6332
6338
6339
6341
6342
6343
6344
6347
6348
6349
6350
6351
6353
6355
6360
6363
6364
6366
6367
6368
6370
6371
6373
6374
6376
6377
6378
6380
6388
6389
6393
6395
6401
6404
6405
6407
6408
6410
6411
6414
6415
6417
6418
6419
6424
6425
6427
6429
6430
6435
6437
6442
6445
6446
6447
6453
6454
6456
6460
6461
6463
6468
6469
6470
6471
6472
6475
6476
6477
6478
6480
6483
6485
6486
6487
6488
6490
6492
6494
6495
6496
6497
6500
6501
6502
6508
6514
6515
6516
6517
6519
6521
6522
6523
6524
6525
6526
6532
6533
6535
6536
6538
6540
6546
6547
6548
6549
6551
6552
6553
6555
6556
6558
6559
6561
6564
6566
6567
6569
6570
6572
6575
6578
6580
6582
6583
6586
6589
6592
6594
6596
6600
6601
6602
6604
6606
6607
6608
6610
6611
6613
6614
6615
6621
6625
6627
6628
6629
6630
6632
6634
6635
6637
6638
6640
6641
6643
6644
6646
6649
6650
6652
6653
6656
6657
6659
6664
6665
6666
6667
6670
6671
6672
6673
6674
6675
6677
6678
6680
6682
6683
6684
6685
6687
6689
6690
6695
6697
6699
6706
6709
6710
6713
6714
6716
6719
6721
6722
6725
6726
6727
6728
6729
6730
6734
6736
6739
6740
6741
6743
6745
6748
6749
6751
6753
6754
6755
6757
6758
6759
6760
6761
6764
6765
6766
6767
6768
6771
6773
6775
6780
6781
6783
6786
6787
6790
6793
6794
6795
6797
6802
6803
6808
6810
6811
6812
6813
6815
6816
6820
6826
6829
6831
6837
6840
6843
6847
6848
6849
6853
6857
6862
6863
6864
6866
6874
6875
6877
6880
6883
6884
6885
6887
6889
6890
6893
6894
6896
6897
6898
6899
6901
6902
6905
6907
6908
6910
6914
6915
6916
6917
6923
6924
6925
6926
6931
6932
6936
6939
6940
6941
6944
6945
6946
6947
6948
6949
6951
6952
6954
6957
6959
6960
6961
6962
6967
6969
6971
6973
6974
6976
6981
6983
6984
6985
6986
6988
6989
6990
6991
6992
6994
6995
6997
6999
7001
7002
7003
7009
7013
7014
7019
7020
7022
7024
7027
7029
7031
7032
7033
7040
7042
7044
7046
7047
7048
7050
7056
7057
7058
7062
7063
7066
7067
7073
7075
7078
7080
7081
7085
7086
7088
7092
7093
7096
7099
7100
7101
7103
7104
7105
7107
7109
7111
7113
7118
7120
7121
7122
7123
7124
7125
7126
7128
7130
7131
7132
7134
7135
7136
7141
7143
7144
7145
7146
7148
7150
7151
7153
7154
7156
7157
7158
7160
7161
7163
7164
7165
7166
7167
7169
7172
7173
7175
7176
7177
7181
7187
7188
7192
7193
7196
7199
7203
7210
7212
7215
7217
7218
7221
7222
7226
7227
7229
7230
7231
7233
7234
7235
7236
7240
7243
7244
7247
7248
7250
7251
7254
7255
7256
7258
7259
7261
7264
7266
7267
7270
7274
7279
7281
7282
7287
7289
7293
7294
7295
7298
7299
7300
7301
7309
7310
7311
7314
7315
7317
7322
7323
7325
7327
7328
7330
7333
7337
7338
7339
7341
7343
7344
7345
7347
7349
7351
7353
7355
7356
7357
7359
7360
7364
7365
7366
7367
7368
7369
7371
7373
7377
7378
7380
7381
7383
7387
7390
7391
7392
7393
7394
7406
7407
7409
7412
7414
7415
7416
7418
7420
7422
7427
7429
7431
7433
7437
7438
7440
7441
7442
7444
7445
7446
7447
7450
7453
7455
7456
7457
7459
7460
7461
7462
7463
7464
7466
7467
7468
7469
7471
7473
7475
7476
7477
7482
7483
7484
7486
7487
7488
7490
7492
7494
7496
7499
7500
7502
7503
7504
7510
7513
7514
7517
7520
7521
7523
7524
7527
7528
7532
7534
7536
7538
7539
7540
7542
7543
7547
7550
7554
7555
7558
7559
7564
7565
7566
7568
7570
7571
7572
7579
7580
7581
7584
7586
7588
7589
7590
7592
7593
7594
7597
7598
7599
7600
7601
7604
7605
7606
7607
7608
7609
7611
7614
7615
7618
7619
7620
7621
7622
7624
7626
7628
7631
7634
7635
7637
7638
7639
7641
7643
7644
7646
7648
7649
7650
7651
7653
7654
7655
7656
7663
7664
7669
7672
7674
7675
7677
7682
7683
7693
7694
7695
7696
7698
7699
7702
7704
7705
7707
7708
7710
7711
7713
7715
7716
7724
7728
7732
7733
7735
7736
7737
7738
7739
7740
7741
7746
7748
7749
7754
7756
7757
7758
7764
7765
7768
7770
7773
7777
7778
7779
7781
7782
7783
7788
7789
7792
7794
7796
7797
7800
7803
7804
7805
7807
7811
7812
7814
7815
7818
7820
7824
7830
7834
7837
7838
7844
7847
7848
7851
7852
7854
7856
7857
7859
7860
7861
7862
7863
7866
7869
7872
7873
7874
7876
7877
7878
7881
7882
7884
7886
7887
7888
7889
7891
7892
7893
7896
7897
7899
7903
7907
7908
7909
7915
7916
7917
7921
7922
7929
7931
7933
7934
7936
7939
7940
7941
7942
7944
7946
7948
7950
7951
7952
7954
7956
7957
7958
7960
7965
7967
7969
7972
7974
7975
7978
7979
7980
7983
7985
7986
7987
7992
7994
7995
7996
7999
8002
8004
8007
8008
8009
8010
8012
8013
8018
8020
8022
8023
8026
8028
8030
8032
8033
8034
8040
8043
8046
8048
8049
8050
8051
8056
8058
8059
8060
8062
8063
8066
8067
8068
8071
8073
8074
8081
8083
8086
8088
8090
8092
8093
8094
8095
8096
8097
8099
8100
8101
8105
8106
8107
8110
8111
8112
8116
8117
8121
8122
8123
8124
8126
8128
8129
8130
8131
8132
8134
8135
8137
8138
8139
8141
8148
8150
8151
8152
8153
8156
8158
8161
8162
8163
8165
8167
8168
8169
8170
8172
8173
8174
8175
8181
8182
8183
8187
8188
8189
8191
155
0
1
2
3
4
5
6
7
8
9
10
12
13
14
15
16
17
18
19
20
21
22
23
24
25
27
28
29
30
31
32
33
34
35
36
37
39
40
41
42
43
44
45
46
47
48
49
50
51
52
54
56
57
58
59
60
61
62
63
64
65
66
67
68
73
74
75
76
77
78
79
80
81
82
85
86
87
88
89
90
91
92
93
94
95
96
99
100
101
102
103
104
105
106
107
108
109
110
112
115
116
117
118
119
120
121
122
123
124
127
128
129
130
131
132
133
134
135
136
137
138
139
144
145
146
147
148
149
150
151
152
153
154
155
158
159
160
161
162
163
164
165
166
167
171
172
173
174
175
176
177
178
179
180
182
