510
0
1
1025
2
3
1028
7
8
9
10
11
12
21
22
23
25
26
27
28
31
35
39
40
42
44
46
52
53
55
56
58
60
63
66
67
68
74
75
76
77
79
82
84
86
87
88
90
91
93
95
99
100
101
102
104
105
106
108
111
113
114
118
122
123
124
128
129
130
131
132
134
135
136
137
140
149
152
153
154
155
156
157
158
165
167
168
171
174
177
182
184
185
186
187
189
192
197
198
201
202
204
208
209
213
214
215
216
220
221
226
227
229
234
238
239
241
244
247
249
251
253
255
257
263
264
273
274
275
280
282
283
284
285
286
288
289
290
291
296
299
300
302
303
304
305
306
311
312
313
316
317
319
320
321
322
323
325
328
329
330
332
333
334
335
339
340
344
345
348
352
353
356
358
359
360
362
364
365
366
368
369
370
371
376
377
380
383
384
388
389
396
397
398
400
401
403
404
405
407
408
409
412
414
415
416
417
418
419
420
422
423
424
426
436
438
439
442
443
444
445
446
450
453
454
456
459
460
462
464
465
466
467
468
471
472
473
476
477
478
482
485
487
488
492
493
495
496
498
500
501
503
505
508
510
512
513
519
520
523
527
528
530
531
532
533
536
538
541
542
544
548
550
553
554
555
556
558
559
562
563
565
567
569
573
575
580
583
584
585
586
587
591
593
597
599
603
606
607
609
612
613
618
619
620
621
623
625
629
633
635
636
639
641
643
644
647
654
656
657
658
659
660
662
663
664
665
668
672
673
674
675
676
677
678
686
687
688
690
691
694
697
698
699
703
707
712
714
717
718
720
722
726
728
729
732
733
737
739
744
745
748
749
750
751
753
756
757
758
759
760
762
763
764
765
766
769
771
772
773
774
775
777
779
780
781
782
783
784
785
786
787
788
792
793
794
796
798
799
800
801
804
805
809
810
812
813
814
815
817
820
821
822
824
825
827
828
830
831
832
833
834
838
840
841
842
845
847
849
853
856
858
859
860
861
865
869
870
871
872
873
874
875
876
878
880
881
882
884
886
887
888
889
890
891
893
894
898
901
903
907
908
910
916
920
922
927
930
933
934
936
937
941
942
943
946
950
951
952
953
959
960
962
964
965
970
973
974
975
976
977
980
981
982
983
987
988
990
991
993
998
1000
1004
1005
1006
1008
1015
1020
1021
1022
1023
313
0
1
2
3
4
5
6
7
8
9
10
11
12
13
14
15
16
17
18
19
20
21
22
23
24
25
26
27
29
30
31
32
33
34
35
36
37
39
40
41
42
43
44
45
46
47
48
49
50
51
52
53
54
55
57
58
59
62
63
64
65
66
67
68
69
71
72
73
75
76
77
78
79
80
81
82
83
84
85
86
87
90
91
92
93
94
95
96
97
98
99
100
101
102
103
104
105
107
109
110
111
112
113
114
115
116
117
118
119
120
123
124
125
126
127
128
129
130
132
133
134
135
136
138
139
140
142
144
145
146
147
148
149
150
153
154
155
156
157
158
159
160
161
162
163
164
167
168
169
170
171
172
173
174
175
176
177
178
179
180
182
184
185
186
187
188
189
190
191
192
193
195
196
197
198
199
200
201
202
203
204
205
206
207
208
209
210
212
213
214
215
216
217
218
219
222
223
224
226
227
228
229
231
233
234
236
237
238
239
240
241
242
244
246
248
249
250
251
252
253
254
255
256
257
258
259
261
262
263
265
266
267
268
269
270
271
274
276
277
278
280
281
282
284
285
286
287
289
290
291
292
293
294
295
296
297
298
299
301
304
305
306
307
308
310
311
312
313
314
316
317
318
319
320
321
322
323
325
326
327
328
331
332
333
334
336
337
338
339
341
342
343
344
345
347
348
349
351
354
355
356
357
358
360
361
363
364
365
366
370
371
372
373
