1322
2048
1
2
2050
3
2052
5
7
2055
8
2056
9
2059
2060
2061
2062
15
17
18
2066
19
2068
2069
2070
2071
24
2073
28
2076
2077
30
2078
31
32
2082
36
37
38
2087
40
42
2091
45
2093
46
2094
47
48
2096
49
50
2098
51
2099
2101
54
2102
56
2105
2106
59
2107
60
2108
2111
2112
2115
68
2118
72
2120
73
2121
74
2122
75
2123
2124
78
2126
2128
2129
82
84
86
2134
88
2136
2137
90
91
92
93
2141
2142
95
2143
96
98
99
2147
101
2149
102
2150
2151
2152
105
2153
106
107
2155
108
2157
2158
114
116
2164
117
2165
120
2168
121
2169
122
2170
124
2172
126
127
2175
2176
130
2178
131
2181
134
2182
138
2186
140
142
143
2191
144
145
2193
146
2194
147
2196
2197
150
151
2200
153
2202
157
2206
159
160
2208
161
2209
162
2212
2214
168
170
171
173
2221
2223
2224
177
2225
178
179
2227
180
2228
2230
184
2232
185
2233
186
187
188
2236
2237
192
2240
2242
2243
196
2245
200
2248
202
2250
2251
204
205
2253
207
2256
2258
211
2259
2260
213
2261
214
2262
215
2263
216
217
2265
219
2268
221
2269
2270
223
224
225
226
2274
227
2276
229
2277
230
231
233
234
2283
236
237
2285
240
2288
2289
2290
243
2292
2295
2296
249
2297
2298
251
2300
253
2302
255
256
2308
2309
262
263
2311
265
2313
266
2314
267
2315
268
269
270
2318
271
272
2320
2321
2322
276
2326
2327
2329
283
2331
284
2332
285
286
287
288
2336
289
2337
290
291
292
2341
2342
295
2343
296
2344
2345
298
2346
299
2349
303
2351
2352
306
2356
2357
310
311
2360
313
2362
315
316
2365
318
2366
319
2367
2368
321
322
2371
2372
325
2374
327
2376
329
2377
2378
333
2381
2382
335
2384
337
2386
339
340
342
2390
343
2391
345
2394
347
349
350
2398
2399
353
2401
356
2404
357
2405
2407
360
363
2411
364
365
2413
2414
369
2418
371
2419
2420
373
2421
376
2424
378
2427
380
2428
2430
383
2431
386
2435
388
2436
389
2437
390
2440
394
2442
396
2444
398
2446
2447
2448
402
404
406
2454
407
2455
2456
409
2460
414
2462
415
416
2465
419
2467
420
2468
2469
423
424
425
2473
2474
2475
2476
429
430
2478
2479
2480
433
2481
2482
435
2483
436
2484
438
2486
439
2487
440
2488
2489
2491
444
2492
2495
448
449
2497
450
2498
452
454
2502
457
2506
459
2507
460
2508
464
2512
465
467
2515
468
2516
469
2517
470
473
2522
2525
478
479
2527
481
2529
483
484
2532
2533
2535
488
2537
491
2539
2540
2541
2542
496
2544
2545
498
2546
499
2547
500
2548
2549
502
504
2552
506
2554
507
2555
508
2557
2558
511
2562
2564
517
2565
2566
2567
2568
521
2569
2570
2571
524
2572
2573
526
528
2576
530
531
2579
532
2581
2583
2584
537
539
540
541
542
543
2591
2592
2593
546
2596
2597
550
551
553
554
2603
2604
558
559
2609
2610
563
564
2614
567
2615
569
2618
571
2619
2620
574
2622
577
2626
579
581
2629
584
2632
2633
586
2637
590
591
2639
2641
594
2642
595
2643
597
2645
599
2648
601
602
2650
2652
605
2653
606
607
2655
608
609
2657
610
2659
2661
614
615
616
2664
617
2666
2667
620
2670
623
2671
2672
625
626
2674
2675
629
2677
2678
632
2680
634
635
636
637
638
642
647
648
649
650
651
653
655
660
661
662
664
665
666
667
668
671
672
675
676
680
682
683
685
686
687
688
689
690
692
693
695
698
699
701
705
709
710
711
714
715
716
717
721
722
726
730
735
738
740
744
745
747
748
753
754
757
758
761
767
769
770
771
778
780
786
792
793
794
798
801
803
805
808
811
812
813
816
817
818
820
828
829
830
832
833
835
836
837
839
842
844
845
850
852
856
858
860
863
864
867
869
870
871
873
874
875
887
889
893
896
899
901
902
903
905
907
910
913
914
915
918
920
921
922
923
928
930
932
937
941
942
943
949
950
951
953
956
957
959
960
961
962
963
964
965
966
968
969
971
972
973
976
979
981
982
983
985
986
989
993
996
998
999
1000
1001
1002
1003
1004
1006
1009
1010
1012
1014
1015
1016
1017
1018
1019
1023
1024
1025
1027
1031
1032
1035
1036
1037
1038
1039
1041
1042
1044
1045
1046
1047
1049
1052
1058
1060
1061
1062
1063
1064
1066
1067
1069
1072
1073
1074
1075
1076
1079
1081
1083
1085
1086
1087
1088
1090
1091
1094
1096
1097
1099
1101
1103
1104
1105
1107
1109
1112
1113
1114
1115
1116
1117
1118
1120
1121
1122
1125
1127
1128
1129
1130
1132
1133
1142
1149
1150
1155
1156
1160
1163
1164
1169
1175
1177
1178
1179
1180
1184
1185
1187
1189
1190
1191
1194
1199
1200
1201
1202
1204
1205
1214
1217
1218
1222
1223
1225
1226
1228
1230
1231
1236
1239
1241
1243
1250
1254
1256
1258
1259
1262
1263
1264
1265
1268
1269
1270
1273
1277
1278
1279
1282
1283
1286
1287
1290
1295
1299
1301
1303
1305
1307
1309
1310
1311
1312
1317
1318
1319
1321
1322
1323
1324
1327
1328
1329
1331
1332
1334
1335
1337
1338
1339
1341
1342
1343
1345
1347
1348
1349
1351
1352
1354
1356
1357
1358
1361
1362
1369
1370
1371
1373
1374
1375
1377
1378
1382
1384
1391
1395
1396
1399
1400
1401
1404
1405
1409
1411
1413
1416
1418
1419
1431
1432
1437
1438
1440
1441
1442
1443
1444
1445
1446
1448
1449
1450
1452
1455
1461
1462
1466
1467
1475
1477
1478
1481
1482
1484
1485
1487
1489
1491
1492
1493
1496
1499
1501
1502
1503
1504
1506
1507
1508
1509
1510
1511
1514
1515
1516
1520
1522
1523
1526
1527
1528
1530
1531
1532
1541
1542
1544
1547
1548
1552
1553
1555
1557
1559
1562
1563
1565
1567
1571
1572
1575
1576
1577
1582
1584
1587
1589
1593
1599
1600
1601
1603
1610
1611
1612
1613
1615
1617
1618
1620
1621
1622
1624
1626
1631
1632
1634
1640
1642
1643
1645
1647
1649
1650
1652
1653
1654
1655
1656
1657
1658
1660
1661
1662
1663
1665
1666
1668
1670
1672
1673
1674
1675
1677
1679
1684
1685
1686
1687
1688
1689
1694
1695
1696
1697
1699
1704
1705
1707
1708
1710
1715
1719
1722
1723
1725
1726
1727
1728
1729
1732
1735
1738
1740
1741
1742
1743
1744
1748
1749
1750
1753
1755
1756
1757
1758
1759
1761
1762
1763
1766
1767
1769
1770
1776
1779
1781
1782
1784
1785
1788
1791
1795
1799
1800
1801
1803
1808
1810
1811
1812
1813
1814
1815
1816
1818
1819
1821
1822
1828
1829
1830
1833
1834
1835
1837
1838
1840
1844
1847
1848
1852
1853
1856
1858
1859
1863
1865
1867
1869
1874
1875
1876
1877
1880
1881
1882
1883
1885
1886
1890
1891
1893
1894
1895
1899
1903
1906
1907
1908
1911
1912
1913
1914
1915
1917
1918
1919
1922
1924
1925
1926
1927
1931
1932
1935
1937
1938
1940
1941
1946
1949
1951
1953
1954
1956
1957
1958
1960
1963
1966
1967
1970
1972
1974
1978
1981
1985
1988
1989
1994
1996
1998
2003
2009
2010
2011
2012
2013
2014
2015
2017
2019
2024
2025
2026
2029
2034
2035
2036
2039
2040
2041
2043
2044
81
0
1
2
3
5
6
7
8
9
10
11
12
13
14
15
16
17
18
19
20
21
22
23
24
25
26
27
28
29
30
31
33
34
35
36
37
38
39
40
42
43
44
45
47
48
49
50
51
53
54
55
56
57
58
59
60
61
62
63
64
65
66
67
68
69
70
71
72
73
74
75
76
78
79
80
82
84
85
86
87
89
