509
0
1024
1026
4
6
9
10
1035
12
1036
14
15
16
1041
1044
1045
1047
24
1048
25
1049
26
1050
29
34
35
1063
1064
1065
42
1066
43
1067
1068
1069
46
1071
1073
1074
51
52
53
1077
1078
1079
56
1081
1082
1086
63
64
1091
1092
68
69
1093
1094
1095
1096
75
1100
77
1101
79
80
81
84
85
1109
87
88
1112
89
1115
1116
1117
1118
95
1123
100
101
102
103
1127
1128
1130
107
1131
110
111
1135
1140
121
1146
1147
1148
1152
1153
132
1156
133
1158
1159
135
1162
1163
141
1165
142
1167
145
147
148
1172
1175
153
155
1180
157
1181
158
159
1186
163
1187
1190
166
167
1191
169
1193
172
173
1197
174
1199
1200
178
1202
181
1205
1206
1207
184
186
187
1214
197
1226
203
1227
204
1228
205
1232
1233
1234
211
213
214
1240
217
1241
1243
220
223
1248
225
226
1250
228
230
1257
1258
1259
1260
237
1261
1262
243
244
245
1269
1270
247
1272
249
250
1275
1277
254
1278
256
257
258
262
264
265
269
275
277
278
1304
283
284
287
288
289
291
293
1317
296
299
301
302
305
1329
306
313
314
316
317
318
320
327
328
331
335
337
341
343
345
347
349
350
356
358
360
363
364
1390
368
369
1396
372
376
377
389
393
394
1423
400
402
404
405
1430
406
407
410
412
414
415
416
423
424
425
426
431
433
434
435
436
439
1464
443
444
1470
446
447
449
452
454
456
460
462
466
469
471
1496
473
474
1500
479
480
482
489
492
1518
500
501
502
504
505
508
1533
509
512
516
1541
517
519
523
524
526
529
531
534
537
539
541
544
545
549
550
1576
558
560
563
565
569
570
572
573
574
575
576
578
582
587
588
591
597
598
601
1625
603
604
608
610
611
1636
612
613
618
621
622
625
626
633
638
639
641
1675
654
656
659
1684
660
661
662
665
666
673
674
1703
1706
685
1710
686
689
691
692
1719
696
698
1729
706
708
709
711
712
713
714
722
724
727
729
731
732
733
735
736
737
739
742
744
746
747
749
750
754
756
758
760
763
764
767
768
1794
770
775
776
1805
786
787
791
796
797
801
805
806
811
812
819
821
823
825
826
830
831
837
841
842
846
847
855
860
862
864
867
868
870
873
876
882
883
885
886
888
889
894
896
899
903
904
905
906
907
908
913
915
918
921
922
924
928
931
933
934
935
936
939
940
941
943
945
956
959
960
961
970
972
975
978
979
983
985
986
989
990
991
994
997
999
1006
1010
1012
1013
1022
135
0
1
2
3
4
5
6
7
8
9
10
13
14
15
16
17
18
19
20
21
22
23
24
25
26
27
28
29
30
31
32
36
37
38
39
40
41
42
43
44
45
46
49
50
51
52
53
54
55
56
57
58
59
60
64
65
66
67
68
69
70
71
72
73
75
76
77
78
79
80
81
82
83
84
85
87
89
90
91
92
93
94
95
97
98
99
100
104
105
106
107
108
109
110
111
112
113
115
116
117
118
119
120
121
122
123
124
125
128
129
130
131
132
133
134
135
138
141
143
144
145
146
147
148
149
150
153
154
155
156
157
158
159
161
162
