10755
16384
1
3
16389
16390
9
11
16396
12
16397
15
17
16401
21
24
25
34
16420
37
38
40
41
16426
44
45
16430
47
16433
49
53
16438
55
56
16440
16442
59
61
16448
65
66
16450
69
70
16462
78
79
80
82
84
85
16469
86
16470
16471
88
89
90
16475
91
16476
16478
97
98
99
16483
101
16485
103
104
16488
106
107
16492
108
16493
109
16494
16497
114
16500
116
118
16502
121
16506
123
16507
16508
124
16510
127
16511
16512
130
131
134
135
136
16520
137
138
141
142
16528
16529
146
16531
148
16532
16535
153
16537
154
155
16539
156
157
16542
158
16543
160
161
16545
16548
16550
167
16553
169
170
16554
171
172
16557
174
175
177
16561
179
16563
180
181
182
185
16571
16572
189
16573
190
16576
192
193
16579
16581
199
16584
201
203
16587
16588
16591
16592
209
16593
210
212
213
16598
16600
16601
16606
223
16607
16608
224
225
16609
16610
16611
16614
16615
231
232
233
16618
16619
236
16621
16623
16626
242
16627
16628
244
16629
245
247
16631
16632
16634
251
252
16637
253
16638
16640
258
259
260
261
16645
16646
263
265
266
268
16654
16665
281
282
16666
16667
283
285
286
287
16673
16675
16677
293
294
16679
297
298
16683
16686
16688
16689
306
16690
16691
308
16692
16693
312
314
315
316
317
16702
318
319
321
16705
322
16706
16707
324
325
16709
326
327
328
329
16715
16716
333
335
16719
336
16721
338
339
16723
16724
343
16728
345
348
16732
349
350
16735
352
353
16738
356
16742
359
16744
16745
361
362
364
366
367
370
371
372
374
375
376
378
381
16765
16767
384
16768
16769
386
16770
387
391
392
393
394
397
398
400
401
403
16788
405
406
408
409
16794
411
16796
414
416
16803
420
422
423
16809
425
16811
427
428
16812
430
431
433
435
16820
436
437
439
440
443
445
446
16831
450
16834
451
16835
452
16839
457
458
460
16845
461
462
16847
16849
466
16850
467
468
16852
469
471
472
474
16858
475
476
482
483
484
16868
485
489
16873
492
493
496
499
500
502
16886
16887
504
16888
506
16890
507
509
510
514
16898
16899
516
16901
520
523
525
526
527
528
16913
530
16915
532
533
16919
535
536
16921
16923
541
16927
16928
546
16931
547
549
16934
550
551
16936
554
555
556
558
16945
561
562
16950
569
571
16956
574
16959
576
16960
16961
577
16963
579
581
582
583
584
16969
587
588
589
16973
16974
591
592
593
594
595
596
597
16981
16983
601
602
16986
604
606
609
16993
16994
611
612
17000
616
618
17003
17004
620
621
17005
623
17008
625
17009
17011
628
629
17014
631
634
635
636
638
641
17025
643
17027
644
17029
17030
646
647
17031
17032
649
650
17034
653
17037
654
655
656
17040
658
17042
662
663
664
665
669
670
673
674
17058
675
17059
17060
676
17063
679
680
17065
681
17067
683
688
17072
690
692
693
17077
694
696
17080
699
700
706
708
710
17095
712
713
17101
717
17102
720
721
17105
722
17106
724
17108
17111
727
729
17113
731
17116
733
734
735
737
17122
17125
741
742
743
17127
744
17129
745
746
17131
748
750
752
17137
17138
754
755
757
17142
760
761
17145
763
17147
764
17149
771
17155
17157
776
17161
778
17164
781
784
787
788
17173
789
792
17178
795
797
17181
798
17184
801
803
807
17191
808
810
814
816
817
818
17202
819
17203
820
17204
17206
823
17208
824
826
827
829
832
833
835
17219
17221
839
841
842
17227
845
17230
17232
849
853
17245
862
863
17247
17248
864
865
867
17252
868
869
870
871
874
875
876
17260
17261
877
879
880
881
17265
882
17266
17267
884
17268
17270
17271
17272
17275
17276
894
895
17280
898
900
17286
903
17290
17291
908
17292
17293
17294
17295
912
17296
915
916
17300
917
918
17302
17303
919
921
923
17307
924
17308
17309
925
17310
927
934
17318
935
17320
17323
940
941
942
17326
943
17327
17329
945
946
17331
949
950
17336
17337
953
17339
955
17341
958
17343
960
963
17347
17349
966
967
17356
17358
978
17363
980
17365
982
17366
17367
985
990
17375
17376
17377
17379
997
998
17385
17387
1008
17393
1010
17394
17395
1012
17397
17399
1015
1018
17403
17404
1022
17407
1025
1027
17412
17413
1030
17414
1031
1032
17417
17418
17419
1036
17420
17421
1038
17423
1039
1040
1044
17428
1045
17429
1047
1048
17432
1050
17435
1052
1053
1054
17440
1058
1061
1062
17447
1064
1065
17451
17453
1072
1073
1078
1079
17463
17464
1082
17466
17467
1084
1086
17471
1088
17473
1090
17475
1092
1095
17480
1096
17484
1101
1104
1106
1107
1111
1114
1115
17499
17500
1117
17501
1119
17503
17504
17505
17506
17507
1123
1125
17509
17510
17511
1129
1130
1131
17515
1134
17518
17519
1137
1138
17522
17524
17525
1141
1143
17529
17530
1148
1150
17535
1151
1152
1153
17538
1155
17539
1156
1160
1161
17545
17546
1162
17547
17548
17549
1167
1168
17553
17554
1173
17557
1174
1175
17559
1176
1177
1179
17568
1184
1185
1186
1188
1189
1192
1193
1197
17581
17582
1199
1200
17585
1201
17586
1202
1204
17589
1205
1210
1211
1212
1215
17599
1216
17601
17603
1219
1220
17606
1222
17607
1224
17609
1231
17616
1232
17618
1236
1237
1239
1240
1241
17626
1245
17630
17633
17634
1251
17635
1252
17637
1253
1254
17638
1255
1256
17642
17643
1259
1260
17645
1263
17647
17648
17649
1265
17650
1266
1267
1268
17653
1272
17656
1274
17659
1275
17663
1280
17664
1281
1282
17666
17667
1283
1284
17668
17670
1286
1287
1289
17674
1291
1292
1297
17681
17682
1301
1302
1308
1309
17693
1311
1312
1313
17697
17698
1317
17705
17706
1322
1323
1325
1326
1328
17712
1330
17715
1332
1333
17719
1336
1337
1338
17723
17724
1342
1343
1345
17731
17733
1349
1350
1351
1352
17736
1353
17738
17739
1358
17742
1359
1360
1361
17747
1363
1364
17751
17753
1370
17755
1371
17756
1372
1373
17758
1374
17759
1376
1377
1378
1379
17764
17766
1383
17767
17768
1384
17770
17771
1387
1388
17774
17778
1395
17779
17780
1397
1399
17784
1400
1401
1404
1405
1406
17790
17793
1412
17796
1413
17797
1417
1418
1419
1420
17804
1421
17807
1424
1425
17810
1427
1428
17812
1429
17813
1431
1433
17820
1437
17822
17823
17824
1442
1443
1444
1447
17832
1449
1452
17840
1457
1458
1460
17846
1463
17849
1467
1469
17853
1471
17857
1473
17858
17859
1476
1477
1480
1481
1482
17866
17867
1486
1488
1489
1490
1491
17876
1492
17877
1493
17878
1494
17880
1498
17882
1499
17884
1501
17885
1502
17886
1503
1504
1505
1507
17892
17893
1510
1515
17900
1517
17901
1520
17904
1521
1522
17907
1524
17909
17910
1529
1531
17915
1533
1534
1535
1537
1538
17922
17925
1541
1542
17926
17927
1543
1545
1546
1547
1549
1550
1551
17936
17937
1553
17939
1556
17941
1557
1558
17942
1561
17945
1562
17947
17949
1566
17951
17953
17955
1572
17956
1573
1574
17958
17960
1579
1580
1582
1583
17967
17968
1586
1587
1588
1590
1591
1592
17978
1595
1597
17981
1599
17983
17986
1603
17988
1604
1605
1606
1607
1608
1609
1610
17994
1611
1612
1613
1614
1615
18000
18001
1618
18002
18003
1619
18004
1620
1621
1622
18007
1623
18008
18011
18014
18016
1632
1633
1635
1636
18021
1639
18023
1640
18029
1645
1646
18030
18031
1647
18032
18034
18035
18036
18037
1654
1655
18039
1656
18040
1657
18042
1658
18046
1662
18048
1664
1666
1667
18052
1668
18053
18055
1671
1673
1674
18058
18061
1677
1678
1679
1680
18065
18066
18068
1685
18069
1687
18072
1689
1690
1691
18076
18077
18078
1694
1696
1698
1699
1702
18089
1706
18090
1708
1709
18093
1710
18098
1714
18099
1716
1717
1718
18103
1719
1720
18105
1722
1723
18107
1724
1727
1728
1729
1730
18115
1733
1735
18119
1736
18121
18122
18126
1743
1744
1745
18131
18132
1753
1754
18139
1755
18140
1756
1760
1761
1763
1765
1766
1767
18152
1770
18154
1771
18155
1773
1774
1777
18161
18162
1778
1779
1780
1782
1783
1784
18169
18170
1791
1795
18179
1796
18181
1797
1799
1801
18185
1802
18186
1804
1805
1807
1808
18193
1809
1814
1815
1816
18201
18202
1822
18209
18211
1828
18212
1831
1832
1833
18217
1834
1836
18221
1837
18222
1838
1841
18225
1843
1844
1845
1847
18231
1849
18234
1850
1851
18236
18237
1855
18239
1856
18240
1857
18241
1860
18244
18245
1862
1863
18247
1864
1865
18249
18252
1868
1871
1872
18257
1874
1876
1878
1880
1881
1883
18269
1886
18271
1887
1888
1889
1891
1892
1893
1896
1897
18283
18284
1900
18288
1904
18290
1907
1908
1909
1910
1911
18295
1914
18299
1915
1916
1920
1924
18310
1928
1930
1931
18316
1932
1935
18325
1941
1943
18328
18329
1946
18331
1947
1948
1949
18333
1950
1951
18335
1954
1958
1960
18345
18346
1962
18347
1963
18348
18349
1965
1966
1968
1969
18355
18357
18358
18359
1976
1977
18361
1978
1980
1981
1982
1988
18373
1990
18374
1991
1994
1995
18379
18380
1997
18382
2000
18386
2003
18389
2006
18392
2009
2011
18395
2012
2014
18399
2016
2017
18402
2020
2022
18407
2024
2025
2027
2028
2033
2034
18420
2038
18423
2039
18425
2042
2043
18427
2047
2050
2054
18441
18442
2058
2059
18443
18445
2062
2063
18447
2065
2066
18452
2070
2071
18456
2073
2074
18459
18460
2076
2078
2079
2083
18470
2086
2087
18472
18474
2091
18475
2094
18479
2098
18483
2102
2103
2104
18490
2106
18496
2112
2113
18497
2114
18498
18499
18501
2119
2120
18505
2121
2124
18509
2125
2126
2127
2129
2131
2132
2133
18517
18518
2135
18521
18522
2139
2140
18525
2143
2145
2146
2148
18533
2149
18534
18535
2152
2154
2156
18542
18543
2159
2160
18544
18546
18547
2163
18550
2168
18553
18554
18555
2171
18556
2172
2174
18559
2176
18560
2180
18564
2181
18566
2187
2188
2189
18574
18575
18576
2194
2195
18580
18581
2197
2198
2199
2200
18584
18586
2203
18588
2205
2206
2207
18592
2208
2209
2214
18599
18602
2218
18603
2223
2224
18609
2226
18612
2229
2231
2232
18617
2233
18618
18620
2239
18623
18625
2242
18626
18628
2247
18631
2249
18633
18634
2250
2251
18639
2257
18642
2260
2262
18646
18648
2264
2265
18649
2266
18650
2268
18653
18654
18656
18657
2274
18660
2277
2279
2282
2285
2286
2287
2289
2291
2292
18676
18677
2294
2295
18679
18680
2297
18682
2299
2300
2301
2305
2306
2307
2308
18693
2310
18694
2311
18695
2312
18696
18698
2314
2315
2316
2317
18701
2318
2319
2321
18705
2322
18707
2325
2326
2328
18713
2331
18717
2334
18720
2336
2337
2339
18723
18728
2345
2346
18730
2348
2349
2350
18734
18735
2351
18737
18739
2356
2358
2361
18746
18749
2365
2367
2369
2370
2371
2373
18757
2374
18758
2375
2377
2379
18768
18769
18770
2388
2389
2390
18778
2395
18780
2400
2402
18786
18789
2405
18791
18792
18793
18794
2413
2415
18800
2417
18803
18804
18807
2424
18811
2428
18812
18814
2431
2433
18818
18820
18821
2441
18825
2442
2449
18836
2453
18838
2455
18839
2456
18840
2460
18844
18845
2462
18846
2463
2468
18854
18858
2475
2477
2478
2479
2481
18866
2483
18868
2488
18873
2491
2493
18878
2495
2496
18883
18885
2503
2504
18889
2505
18890
2506
2507
18892
18896
2513
18898
18903
2520
18905
18906
2524
2526
2528
18913
18914
2531
2532
2533
18917
2534
18918
2537
18922
2539
2540
18924
2541
2544
2545
2547
2548
2549
18934
2552
18936
2553
2556
2557
18942
2559
18943
2560
2562
18947
2564
18948
18949
2566
2567
18954
2570
18955
2571
2573
2575
2576
2577
2578
2582
18966
18967
2585
2587
18971
18972
2588
18975
2592
2599
2600
2601
18986
2602
2604
18988
18989
2607
2608
18992
2610
18994
18995
18996
2613
18998
2615
18999
2616
2617
19003
19005
2622
2623
2629
2630
2631
19015
19017
2633
19018
19019
2637
2638
2639
2640
2642
2643
19027
2644
19028
2645
2646
2647
19033
19034
2651
2652
19036
19037
2654
2657
2658
19044
2660
2661
2662
2664
19048
2665
19050
2666
2668
19053
2670
2671
2672
2673
2674
19058
19060
19063
19067
19069
2686
19072
2690
19075
19076
19077
2693
2694
2695
2696
2697
19083
2699
19084
19086
2703
2706
19090
2707
19095
2711
19096
2713
2714
19098
2715
19099
2716
2720
19104
2722
19106
2723
2726
19110
2727
2730
2732
2733
2734
2735
19119
2736
19120
2737
19121
2738
19123
2741
19125
2746
2748
19134
2751
2754
19140
19141
2760
2761
19146
2762
2763
19147
2765
19153
2772
2773
19157
2775
19159
19160
2777
2779
19164
2780
2781
2782
19166
2784
2785
19169
2787
2788
19173
2789
19174
2794
19182
2799
2801
19186
2804
2805
19190
2807
19193
2810
19194
2812
2813
19198
19199
2815
2816
2817
2818
19202
2819
19204
2822
19207
19208
2824
2825
2827
19211
2828
2829
19214
19216
19218
19219
19220
19221
19223
2842
19227
2845
19229
2846
2847
19231
2849
2850
19235
2851
19236
2852
2853
2854
19240
2857
2858
19243
2859
2860
2861
19246
2862
2864
19248
19249
2867
19251
2868
2869
19253
2870
19255
2872
2874
2875
2876
19262
19264
2881
19265
2882
2883
19268
2884
2885
19269
2887
2890
2891
19277
2893
19281
2898
19282
19283
2899
2903
19287
2906
19290
2907
2908
2909
2910
19294
2912
2913
19297
19300
2916
2917
2918
2920
2921
2922
19306
2923
2924
2925
2928
19313
2930
2931
19315
19316
2932
2933
19318
2936
2937
19322
2938
19324
19326
2945
19330
2947
2949
19333
2950
19334
2951
2953
19338
2955
19339
19340
19342
2959
2961
2962
2963
2964
2965
2967
19352
2971
2972
19356
2973
2974
2976
19363
2979
19364
2980
2981
2982
2983
19368
19370
2987
2988
2989
19374
2991
2992
2997
19382
2998
3001
19386
3006
3007
3008
3009
19393
3010
3013
19399
19401
19403
19405
3021
19407
3024
3025
19413
19414
3030
19415
3031
19416
3034
19419
19421
3037
19423
19424
3042
19432
19433
3051
3053
3056
19440
3057
19442
3058
3059
3060
19445
3063
19448
19451
3067
3068
19452
19453
3070
3071
3072
3077
3078
19463
3080
3082
19469
3085
19472
3088
3089
19476
3093
3095
19484
19485
3103
3105
3107
3108
19493
3110
3111
3114
3117
19502
3118
3120
3122
19507
19508
19509
3125
3127
3128
19512
19515
3132
3133
3134
3135
3136
19521
3138
19522
19525
3142
19528
3144
19529
3145
3146
3147
19531
19532
3150
19534
3151
3152
3153
3155
3156
3157
19542
3158
3159
3162
3165
19549
3167
19558
3176
3177
3178
3179
3180
3181
19565
3182
3183
19569
3186
19571
3188
19574
3191
19576
3194
19578
3195
19579
3196
19581
3197
3198
3200
19584
19585
3202
3203
19588
19589
19590
19591
3209
3210
3211
3212
19597
3216
3217
19601
19602
19604
3224
19609
3227
19613
3230
19615
3231
3232
19618
19619
3239
19624
19625
3241
3243
3245
19630
3248
3249
19634
19638
3255
3256
19641
3258
19645
3262
3263
3264
19648
3266
3268
3269
19653
19654
19656
3273
3274
3277
19661
3279
19663
19664
3281
3282
3283
19667
19668
3286
3287
19671
3290
3291
19675
3293
19678
3295
3296
3299
19683
19684
19688
19689
3305
19690
3308
3310
3311
3313
3314
3315
3316
3317
3319
19705
3322
19706
3323
3325
3326
19711
3327
3328
19713
3330
19715
19717
3333
3334
3336
19720
3337
3339
3340
3341
3342
3343
19728
3345
3346
19731
3348
3349
3350
19734
19735
3354
3357
19741
19743
3359
3360
3361
19746
3365
19750
3367
3368
19755
3375
19761
3377
3380
3381
3382
19767
3384
19769
3386
19771
3388
3389
19774
3391
3393
19777
19779
3398
19782
3399
3400
3406
19790
3409
19793
19794
3410
3412
3414
3415
19799
19800
3418
3419
3420
19804
19805
3421
3423
19807
3424
19808
3425
3426
19811
3428
19816
3433
19819
3436
3439
19824
19825
3442
19827
3444
3445
3447
19831
3448
19833
3451
19836
19837
3453
3455
3456
3457
3458
3460
19845
3461
3463
19847
3464
3467
3468
3469
3470
3473
19857
3476
19861
3478
3480
3481
3482
19868
19872
3488
19874
3491
3494
19879
3496
19882
3498
3499
19883
19884
3502
19887
3503
3505
3506
19890
19891
19892
3508
3512
19896
3513
19899
3515
3516
19900
3517
3520
19905
3522
3523
3528
19915
3534
3537
19921
3538
3539
19924
3540
3541
3542
19928
3545
19929
3546
19932
3549
19934
3550
3551
19936
3554
19940
3557
19942
3558
3560
19944
3561
3563
19947
3565
3566
3567
19951
19953
3571
3573
19958
19959
19960
3579
3581
19965
3582
19967
3583
19969
3585
3586
19970
3588
19973
3590
19974
3591
3592
19978
3596
3599
19987
3604
19988
3605
19989
3608
19993
19994
3610
3611
19996
3613
19998
19999
3618
3619
20006
3624
20008
20010
3627
20011
3628
3630
20014
3631
3632
3633
20017
3635
3637
20023
3639
3640
3641
3643
20027
3644
3645
20031
3648
20032
20033
3649
3650
20034
3652
20037
3654
20038
3655
3656
20040
3657
20041
3659
20043
20045
3661
3662
20049
3665
20050
20051
3668
20054
3672
3674
20062
3679
3683
3685
20069
3686
20070
3687
20072
3689
20075
3692
3693
20078
3695
20080
3697
20081
3698
3699
3700
20084
3702
20088
3704
3705
20094
3711
20095
3713
20097
20098
3715
3716
20101
3718
20105
3721
20108
20112
3729
3731
20116
20117
3735
3736
20120
3737
3738
3742
3743
3746
3747
20133
3749
20135
3751
3752
20137
3754
20138
3755
20140
3759
3760
20144
20145
20147
20148
3764
3765
3766
3768
20153
3770
3771
20155
3773
20158
20159
3778
20163
3780
20165
3781
20170
3787
3788
3789
3790
20175
20176
20177
3796
20180
20185
20187
3803
3804
20188
20189
3805
20191
3808
20192
3809
3810
3812
20197
3814
3815
3818
3820
20204
3821
20206
3824
3825
20211
3829
20213
20215
20218
3835
20222
20223
20224
20225
3842
3843
20228
20229
3848
3850
3851
3853
20238
20240
3857
20242
20243
20245
20246
20248
3866
3867
3868
3869
3870
3872
3873
3874
20258
3875
3876
3877
20261
3879
3882
3883
3886
3887
20271
3888
20272
3889
20273
3890
20274
20275
3891
3894
3898
3899
3901
20285
20287
3903
3904
20290
3906
3908
20294
3910
3912
3914
3915
3917
20302
3918
3919
20303
20304
3921
3922
20307
3924
20308
3925
20309
20311
3928
20313
20316
3932
20318
20319
20320
3936
3938
3939
20324
20326
3946
20330
3948
3950
3951
3952
3953
3954
20341
3957
20342
3959
3961
3962
20348
3966
20352
3969
3970
20355
20358
3975
20359
3978
3979
20363
20367
20368
3985
3987
3990
3991
20375
20377
3995
20380
3996
3997
3998
4001
20386
20388
20390
4006
4007
4009
20393
4010
4011
4015
20399
4017
20401
20402
4018
20403
20405
20406
20407
20410
4027
20412
20413
20414
20415
4031
4032
20417
4034
4035
4036
20420
20425
4041
4042
20427
20428
4045
20429
20430
20435
20436
20437
20438
4055
20439
4057
20442
4059
20443
20444
4060
4061
20446
4065
4066
4067
4068
4069
20455
4074
20459
4077
4078
20462
20463
4080
4081
4082
20466
4083
4084
4086
4088
4089
4091
4092
4093
20477
20478
4095
4096
20481
4097
4098
20483
20484
4100
4101
4103
4107
4108
20493
20494
4111
4112
4113
4115
20500
4117
20502
20503
4120
4121
20507
4128
4131
20515
20517
4133
20519
4136
4138
4140
4142
4144
20529
20530
4147
20532
4151
4152
4153
20537
4154
4157
20542
4159
20543
4160
4162
20546
4163
4164
4165
20550
20551
4167
4169
4170
20555
4172
20557
4174
20559
4176
4177
20561
4178
4181
4182
4183
20567
4184
4187
4188
20573
4193
4194
20578
4195
20579
20584
20586
4203
20587
20589
4208
20592
20593
20599
4216
4218
4219
20604
4221
20605
4222
20607
20612
4233
4234
4235
20620
4237
4238
20623
4241
20626
4243
4244
4245
20632
4249
20633
4252
4254
20639
4257
20642
4259
4260
20644
4261
4263
20647
4265
20650
4268
4269
4272
20657
4275
4277
4278
4279
4281
20666
4282
4283
4284
4285
20670
4287
4288
20673
4290
4292
4295
20681
4297
4298
20682
20685
4302
20689
4306
20692
4308
4309
20694
4311
4312
20696
4313
20697
20699
4316
20701
20702
4318
4320
4321
20709
4327
20713
4330
20715
4331
4332
4333
4336
4339
20724
4341
4342
20726
20728
20729
4348
20732
4349
20733
4350
4353
4354
4355
4356
20740
4357
20741
4358
4359
20744
4362
4364
4365
20749
4367
20752
4368
20753
4371
20755
4373
4374
20760
4377
20764
4381
20767
4385
20769
4386
4387
4390
4391
4394
20778
4397
20783
4401
20787
4404
4405
4406
4408
4410
20794
4413
4415
20799
4417
20804
20805
4421
4422
4423
20808
4428
4429
4431
20816
20817
4435
20820
4437
4438
20822
4440
20825
4444
4445
20829
20830
4446
20831
4449
4450
4451
4454
4456
20841
20843
4461
4462
4463
4465
4466
20851
20852
4470
20854
20856
4476
20862
4480
4482
20866
4483
4486
4487
20876
4492
20877
4494
4497
4498
20882
4499
20883
20884
20886
4504
4505
20889
4506
4508
4509
4510
20894
20895
4512
4514
20900
4518
20903
4519
20904
4521
4522
20907
4524
4525
20909
4526
4527
4528
20913
4530
4532
4534
20919
20922
4539
4540
20925
20926
4543
20928
4544
4546
4547
4548
4549
4552
4553
4554
4555
20940
4556
20941
4557
20943
4559
4561
4562
20947
4563
20952
4569
4570
4571
4572
4574
4575
4576
4577
20961
20962
4579
4581
4584
4585
20969
20970
4587
20973
4590
20975
20978
4594
20979
4595
20980
20981
4600
20985
4601
20986
4603
4604
4605
4606
20990
4607
4608
20992
4609
4611
4612
20996
4613
20998
4615
20999
4619
21004
21005
21006
4623
21007
4624
21008
21009
4625
4626
4628
21013
21014
4630
4631
4632
21016
4633
4641
21025
4642
4643
21027
21028
4645
4648
21032
21033
21035
21036
21037
21040
21042
4660
4661
4662
21047
21048
4664
21050
21051
21053
4671
4673
4675
4677
21061
21062
21064
21068
21069
4687
4688
4691
4693
4694
4695
21080
21081
4698
21085
4701
4702
4703
21087
4704
21089
21091
21092
4710
4712
21099
4716
21101
4717
21102
21103
21104
4720
4721
21105
21108
4727
4728
21114
21116
4735
21119
4737
4738
21122
4740
21124
21125
4742
4743
21130
4747
21136
4753
21138
4755
4756
21141
4757
4758
4759
21150
21151
4770
4772
4773
21157
4775
21159
21160
4776
4778
21162
21164
4780
21165
21166
4782
21168
4784
21170
4789
4793
4795
21180
21181
4798
21182
4799
4800
21184
4802
21186
21187
4805
21190
4806
4807
21195
4811
21196
4814
21199
4815
21200
4816
4817
4818
21204
4822
4823
21208
4825
4826
4828
4829
21217
4833
21218
4834
21219
4836
21220
4839
21223
21224
21225
4841
4842
4849
21233
4850
21239
21240
21241
4857
4858
4859
4860
4861
21247
4863
21250
4867
4868
21253
4870
21255
4872
4874
4875
21262
4879
21264
4880
21265
4882
4883
21267
21268
4884
21269
21271
21272
21273
21275
21276
21278
21280
4898
4899
21284
4901
4902
4903
4904
4905
21290
21291
4908
21293
4909
4911
21297
4914
21299
4915
4916
21300
4917
4918
21303
21305
4926
21312
4930
21314
4931
21315
4932
4936
4937
21322
4939
21323
4940
4941
4942
21326
21328
4945
4948
21333
21334
4950
4951
4953
21338
4955
21339
4957
21341
21343
21344
21345
4964
4965
4966
21350
21351
4969
4971
4972
21356
21357
4974
21358
21360
4978
21362
4981
4982
21368
4984
21370
4986
4988
21372
4989
21373
21374
4992
21377
4995
21379
21380
4998
5000
5001
5002
21386
21392
5008
5009
21393
5010
21396
5013
21397
21399
5018
5022
5023
5025
21410
5026
21411
5027
5029
5030
5031
5032
5033
5035
5038
5039
21425
5042
21427
21428
5045
21429
21430
5047
21431
5048
5049
5052
5053
5056
21442
21443
5059
5060
5061
5062
21447
21448
5064
5066
5067
5069
21453
5070
21455
5071
5072
5073
5074
5076
21461
5077
5078
21462
5080
5081
5083
5086
5088
5091
21478
5095
21479
5096
5097
5098
21482
5100
5101
5103
5104
5106
5107
5108
21493
5109
21494
5111
5112
5113
21498
5116
21503
21504
21505
5123
5124
5125
5127
5128
5129
5130
5131
5132
21517
5133
5134
21518
21519
5135
5136
21521
5138
5139
5141
21527
21528
5144
5145
21530
21533
21537
5154
21539
21540
21541
5158
21542
5160
21545
5162
5163
5166
5167
5169
5170
5171
21558
5176
21561
5180
21566
5183
21568
5185
5186
21571
21573
5191
21578
21579
5196
21584
5200
5201
21586
5203
21588
5205
21591
5208
5209
5212
21597
5214
21598
5218
5219
5221
21605
21606
5223
21607
5225
5226
21611
5228
21613
5232
5233
21617
5234
5235
5236
21620
5237
21622
5238
5240
5244
5245
5246
21630
5247
21631
5248
21632
5252
21636
21638
5255
5256
21640
5257
5258
21642
21643
5259
21644
5263
5264
21652
21653
5270
21655
21656
5273
21660
21661
5277
5279
21664
5281
21667
21668
5286
21670
21671
5287
5288
21673
21674
5292
5294
5298
5300
21684
5301
5303
21689
5306
5307
21691
21693
5310
5312
5314
5316
5319
5320
21705
5321
5322
21706
21707
5323
21708
5325
5326
21711
5328
21715
5332
5333
5335
5337
21725
5342
21727
21728
5346
5347
21732
21733
21735
5352
5354
5356
21741
5359
21744
5360
5361
21749
5367
21752
5370
5371
21755
5372
5374
21758
5375
5377
5379
5382
21769
5385
5387
21771
5388
5390
21774
5393
21777
5395
21783
5399
21785
5402
5404
5405
21789
5406
21790
5407
21791
21792
5412
21797
5414
21798
5415
5416
5419
21804
5421
5423
5426
5429
21815
5434
5435
21819
5436
5439
5440
21826
5442
5443
5449
21834
5450
5454
5455
5456
21841
5458
5460
21847
5463
5465
21852
21853
5470
21854
5473
21858
5475
5476
5477
5478
5480
5482
5484
21870
5488
21873
5490
5491
21875
5493
21877
5495
5498
21883
5499
5500
5501
5503
21888
5505
21890
21894
5511
5514
21899
5516
5522
21906
5524
21908
5526
5527
5529
5530
21916
5535
5541
21926
5543
21927
5544
21930
21931
21932
21933
5550
21935
21936
5552
5553
21937
5555
5556
5558
5559
5563
5564
21949
21950
5567
5569
21955
5571
5575
21961
21965
5581
21967
5584
21968
5585
5588
21972
5589
5590
5591
5592
21979
21980
5597
5599
21985
5601
5603
5604
5605
21990
5606
5608
21992
5609
5611
5612
21996
5614
21998
5615
21999
22000
5616
5617
5618
22004
5621
22005
5622
22007
5623
5624
5625
22009
5629
22014
5631
5633
5634
22019
5637
22022
5639
5640
5641
22025
22026
22027
22033
5649
5650
5651
22036
5652
22037
5653
5654
22039
5656
22040
5657
22041
22042
5658
5659
22045
22047
5663
5666
5668
5669
22053
5671
22057
5673
5675
5680
22064
5681
22065
5683
5688
22073
5689
5690
5691
5692
5693
22077
5694
5695
5699
22086
5702
5706
22090
5707
22092
5708
5710
22094
5714
5715
22101
22102
5719
22106
5723
22108
5729
22113
5731
5733
22118
22119
5737
5738
5739
5740
22126
5743
5744
22131
5748
22132
22134
5750
22135
22137
5753
22138
22139
22140
5756
5758
5759
22145
5761
5762
22146
5763
22148
5765
22149
22150
5769
22154
5771
22155
5772
22156
22157
22158
5776
22161
5777
5778
5779
22164
5781
22167
22169
22172
5790
22174
5791
5792
5793
22178
22179
5797
5798
22185
5801
5802
22188
22190
22192
5809
5810
22195
22197
22198
5815
5816
22200
22201
22203
5820
5821
22207
5824
22208
5826
5827
22212
5829
22213
22214
22215
5832
5833
22217
22218
5835
5836
22220
5838
22224
5842
22226
22230
5846
22231
22232
5850
22234
5852
5853
22238
5854
22239
5855
5856
5857
22241
22242
5860
5862
22246
5864
22250
5867
22251
5868
5869
22254
5871
5872
22257
22260
5877
22262
22264
5881
22265
5882
5883
5884
22268
22270
5886
5888
5889
5890
22275
5892
5893
22277
22278
22279
22283
5899
5900
5902
22286
22288
22289
5906
5908
22294
5914
22300
5916
5918
22304
5921
22305
22308
22309
5925
22310
5929
22313
22315
22316
22318
5935
22320
5939
5940
5942
5946
22331
5947
5948
5950
5951
22336
5952
22338
5955
5957
22341
5959
5961
22345
5962
5963
5964
5967
5969
5971
22355
5972
22359
5978
22363
22364
5981
5982
22366
22368
22369
5987
22372
5988
5989
22374
22375
5993
22377
5994
22378
22379
5997
22387
6005
6006
22391
6007
6009
22393
22394
6010
22396
22397
6013
6014
6015
22400
6017
22401
6018
6020
6021
22405
6027
22413
6030
22415
22417
6035
6039
22423
6041
22426
6043
6044
6046
6047
6049
22433
22435
6052
22436
6053
22437
6056
22444
6061
6063
6066
6068
22454
6070
6074
6076
6079
6081
22467
22468
6085
22469
22470
6086
22471
6087
6088
22472
6089
6090
22475
6094
6097
6098
6100
22485
22486
6103
6104
22489
22490
6106
6109
22493
22494
6110
6111
22495
22496
6114
22498
22501
6117
6118
6119
22503
6120
22504
6121
22507
22509
6126
6128
6129
6130
6131
6135
6137
22521
6138
22523
6140
22530
6146
6147
22532
22533
6150
6151
6152
22537
22538
6154
6155
22539
22543
6159
6160
6162
22548
22550
6166
6167
6170
6171
22555
22558
6174
6176
6178
22562
6181
6182
22567
22568
6184
6185
6186
6189
6190
6191
6193
22578
6194
6195
6196
22581
6198
6199
6200
22584
6202
6204
6209
22594
6210
6214
22599
6216
22600
6218
6221
6224
22610
22611
22613
22616
6234
22618
6235
6237
22622
6239
22624
6240
22626
6244
6245
22630
22631
6248
22635
6251
22637
6255
6256
22640
22642
6258
22645
6263
22647
22648
6265
6267
22653
6270
6272
22659
6276
6278
22662
22663
6280
6282
22666
6283
6289
22673
22674
6290
6293
6294
6295
6297
22681
6298
6301
6302
22686
6305
6306
6307
22691
6309
6310
6311
6312
6313
6314
22699
6315
22700
6317
22707
6324
22708
6327
6332
6334
6336
6337
6338
6339
22723
6340
6342
6343
6344
22728
6345
6347
22732
22733
6350
22735
6351
22737
6353
22738
6356
6357
22741
22742
22744
6360
6361
22745
22746
6362
6368
22753
6370
6373
22757
6374
22759
22760
6376
6377
22761
6379
22763
22764
22765
6382
6383
6385
6386
22771
6387
22772
6389
22773
6390
22776
6393
6394
22779
6395
6396
6397
22781
22783
6399
6400
22785
22787
6403
6404
22788
6405
6408
6409
6410
22795
6411
6413
6416
22801
6418
22802
22804
6421
22805
6423
6424
6428
6429
22814
6430
6431
22816
6433
22819
22820
6437
22824
6443
6444
6446
22830
6447
6449
22833
22834
22835
6451
6452
6454
6456
6459
6460
6461
22846
6463
22847
22848
6465
22853
6471
22856
6473
22858
6477
6478
22863
22864
6481
22867
22868
6485
6486
22870
6487
6488
22872
22873
22874
22876
22878
6494
22879
22880
6497
6500
22886
6504
22888
6505
6506
22890
6507
22892
22894
6511
22896
22898
6515
6516
6518
6521
6522
6523
22907
6524
6526
22910
6528
22913
6530
6531
6532
6534
22918
22919
6535
6536
6537
22921
6539
6540
22927
6543
22928
6545
22929
6546
22930
6547
6548
22932
6549
22934
6550
6555
6558
6559
6561
6563
6566
6568
6570
6571
22956
6573
6574
22963
6579
22964
6581
22965
6583
6584
22969
6585
22970
6587
6588
22973
6590
22975
6592
6593
22978
6594
22980
6596
22983
6599
6602
6604
22988
6605
6606
22991
6607
6608
22992
22993
22996
22997
6614
22998
6615
23003
6619
23004
6620
6621
6623
23009
6625
6626
6627
23012
23015
23016
6633
6634
23018
23021
6637
6639
23023
23024
6641
6644
23028
6646
6647
23032
23033
23034
23035
6652
6653
23039
23041
6659
6660
23045
6662
6663
23048
6665
6668
6669
23053
6670
6671
6672
23057
23058
23063
6680
23065
23066
23068
6686
6687
23074
6690
23077
23078
6696
23080
23082
6699
6700
23084
6701
6703
23087
6705
6708
6709
23093
6710
6711
23099
6716
6718
6719
6720
6721
6723
6726
23110
6727
23111
6728
23113
6730
23115
6731
23116
23117
6735
6736
6737
23123
6739
23124
6740
23125
6743
23129
6746
6747
23133
6751
23139
23141
6758
23142
6759
23145
6761
6762
6767
23151
6769
6772
6774
23159
23163
6780
6781
6782
6783
6785
6787
23172
23173
6789
6791
6792
23177
23179
6796
6797
23181
6802
23186
23188
6804
6805
6806
23190
23191
6807
6809
6813
6814
23200
23201
6818
23204
23205
6821
23209
6826
23210
23211
6828
23212
6829
23214
23215
6832
23216
6834
6835
23219
23220
6840
6841
23226
6843
6845
23229
6846
6847
23231
23232
6849
6850
6853
6857
6858
23244
6861
23246
6863
23247
23248
6865
6867
23252
6868
6869
23253
23254
6873
23257
6874
6875
23260
6878
23264
6880
6882
6883
23268
6885
23270
6886
6887
6888
6889
23273
23274
6891
6892
23278
6895
23281
6898
23283
6899
6900
6901
6903
6904
6905
6906
6910
6912
6916
23301
6918
23304
6920
6921
23306
6922
6924
23309
6926
6927
23312
6929
6930
6933
23317
6934
23318
6937
23321
23322
6938
6939
6940
23324
6941
23327
6944
6945
23329
6946
23330
6947
6951
6952
23336
6956
6958
23342
6959
6962
6964
6965
23350
23351
23352
6968
23353
23354
23356
6973
6974
6975
23359
23364
6980
6981
23368
6984
6985
6987
23372
6988
6989
6991
23376
23377
23379
6995
6996
6998
23382
7000
23385
7001
23386
7003
7007
7010
7011
7012
23397
23398
23399
7015
23400
7017
7019
23405
7022
23407
7023
7025
7026
7027
7029
7030
7032
23419
7036
23421
7038
7039
7041
23426
7045
7046
23430
7047
7048
7050
7051
23435
23436
7055
23439
7060
7061
23446
23448
23449
7066
7068
7073
23457
7075
23459
7078
23465
7082
7083
7085
23469
7086
7087
23474
7091
7094
7095
7100
23484
7101
23487
7105
7107
23491
7108
7109
23494
7110
23495
7112
7116
7117
23501
7119
7121
7122
7123
7124
7126
7129
23513
7132
23517
23518
23519
7135
7136
23520
7139
23525
7141
23526
7142
23527
7144
23529
7145
7146
23530
7148
7149
7150
23534
23536
7152
23538
7155
23539
7158
7159
23543
7162
23547
7166
7168
23554
23556
7173
7174
7179
7182
23567
7184
23570
23571
7187
7190
7191
7192
23578
23580
7197
23581
23584
7202
23588
7205
7206
7207
7208
23592
7209
23593
7210
23595
7212
23596
7213
7215
7216
23603
7219
23604
7220
7221
23605
7222
7224
23610
7228
23614
7230
23615
7231
23619
7236
7237
23623
7239
7240
23625
7242
23627
7244
23629
7246
7249
23634
7252
23637
7255
23640
7257
7259
23643
23644
7261
7262
23647
7264
23648
7265
7266
23650
7268
7270
7272
23656
23657
7273
7274
7275
7278
7279
7280
7281
23666
7282
7283
7284
23669
7286
7289
7291
23675
7292
23676
23677
7293
7295
23680
23681
7298
7301
7302
7304
23688
7305
23690
23691
7307
23692
7308
23695
7312
7313
23697
7314
23699
7316
7318
23703
7319
23705
23707
23708
7331
23715
23717
23718
7334
23720
23721
7337
7339
7340
7341
23729
23734
23736
7353
7354
23738
7355
7357
23742
23743
7360
7363
7364
23749
7367
7368
23753
7370
23755
7371
7372
7373
23758
7375
7376
23762
7379
7380
23764
7383
7389
7391
23776
23778
7395
7396
23782
7398
7399
7400
7401
23785
7402
7405
7407
23792
7410
7411
7417
23807
23808
7425
23811
7427
23814
7430
7431
23815
23816
7432
23818
7436
23821
7442
23827
7444
23828
7446
23833
7449
7452
23836
7455
7456
7457
7458
7460
23844
7464
23851
7467
7468
7470
7471
7472
7476
7477
23861
7478
7479
23863
7480
23866
7484
23868
7485
23869
7486
23871
23874
7490
7491
23876
7494
7495
7496
7497
7498
7499
7500
23886
7503
23888
7505
7506
23892
23893
7509
23895
7512
7513
23900
7516
7519
23903
23904
23906
7522
23908
7526
23911
7528
7529
23914
7531
7534
7535
7538
7540
23925
7542
7543
7545
7546
7547
23932
7549
7551
23935
23936
23938
7555
23940
7557
7558
7559
7560
7563
23948
7564
23949
7566
7567
23951
7568
23955
7572
7573
7574
7576
7578
7579
23964
7581
23965
7582
23966
7584
23969
7587
7588
23975
7591
7592
23976
7593
23978
23979
23981
7597
7598
23984
23985
7601
7602
23987
7605
23990
7608
7610
7611
23995
23996
23997
23998
7614
7616
24000
7617
24004
7621
24006
7626
7629
7631
24017
24019
7637
24023
24025
7641
7642
7645
24029
7647
24032
7648
7649
24033
7650
24037
7654
24038
7655
24042
7659
24045
7661
24046
7664
7665
24050
7666
7667
7668
24053
7669
24054
7671
7672
7673
24058
24059
7677
7679
24064
7680
7681
24066
7684
7686
24070
24074
7690
24076
7693
7695
24081
7698
7699
7701
7702
7703
7704
7705
24090
7708
7709
24093
24094
24095
7712
7713
7715
7716
24100
7719
7720
7721
7724
24109
7727
24112
7728
24113
7729
7730
7733
7734
7735
7736
7737
24122
24123
24124
7741
24125
7743
24128
7744
7745
7746
24132
7749
24135
7753
7755
24139
7758
7759
24144
24145
7762
24146
7763
7764
7766
7767
7769
7770
24154
7772
7773
7774
24160
24164
7783
7784
24168
24169
24170
7786
24171
7789
24174
24176
7792
7794
7795
24179
24180
24181
7800
7802
24187
24188
7804
7805
7806
24193
7812
24197
7813
24198
24199
7815
24202
7818
7819
24203
7820
7823
7826
24211
24212
24213
7830
7834
7835
24221
7838
7840
24224
24227
7844
24229
7846
7847
24232
7849
7851
24235
7852
24236
24237
24240
7858
7859
24244
7862
24246
7863
24249
7865
7866
7868
7869
7870
24255
7872
7873
24257
7875
24259
24260
7876
7877
7878
24263
7881
24265
24267
7884
7885
7887
7888
7889
7895
24280
7900
24285
7903
24288
7904
7905
7910
7911
24297
24298
24304
7921
24305
7922
24307
7924
24308
7926
7927
7928
24313
7930
7932
7935
7937
7938
24323
7940
24324
24329
7946
24332
7949
24334
24335
7951
7952
7958
7959
24343
7961
24345
7962
24346
7964
7967
24353
7971
7973
7974
7975
24360
24361
24363
24365
7981
24367
7984
24368
7985
7986
24370
7987
24372
7989
7990
24374
24375
7991
7992
24380
7998
24382
24383
7999
24384
8001
24386
8005
8006
24390
24393
8010
24396
8012
8013
8014
24398
8015
24401
8017
8019
8021
24405
24406
24407
8023
24408
8024
24410
24411
8028
24413
24414
8032
8033
24419
24420
8037
24421
8038
8039
8041
8043
8045
8046
24430
8047
24433
8049
8051
24436
8052
24437
8053
8055
8056
24440
8057
24441
24442
8059
24444
8061
8062
8063
8064
24450
24451
24452
24453
24454
24456
8072
8073
8077
8080
8081
8082
24466
8084
8085
24472
8089
8090
8092
24477
8094
24480
8099
8100
8102
24488
8104
8105
24490
8108
8111
8112
24498
8114
8115
8116
24500
8117
8119
24503
24504
8121
8123
8124
24509
8128
24512
8129
24513
8130
24518
8134
24519
24520
24521
24522
8140
8141
8143
8144
24528
8145
24529
24530
8146
8147
24532
8148
8149
24534
8152
8153
24537
8154
8155
8158
8159
8160
8161
24546
8164
8170
24554
24555
8176
24564
24565
8181
24566
8182
8183
24567
8186
8187
8188
24572
8189
24574
8190
8192
24576
24577
8198
8200
24584
8201
8208
8209
24593
24594
8212
24596
24600
24602
8219
8220
8221
8223
24609
24612
8229
24614
8230
24616
8233
8234
24618
24619
8235
8236
8237
8238
8241
24626
24629
24630
8246
8247
8248
8249
24635
8251
24636
8252
8253
8255
24639
8256
8257
24642
24643
8260
8261
8262
8264
8266
24652
8270
8271
24655
8274
24658
8276
8277
24662
8280
8282
8284
8286
24672
8291
8292
24676
8293
8295
8296
24681
8298
8299
8300
8301
24685
8302
24686
8304
24691
8308
8309
8310
24694
8314
24701
24702
24703
24704
24705
8322
8323
24708
8325
24710
8326
8327
8328
24713
8330
24714
8332
8333
8336
8337
24722
8341
24726
24728
8345
24730
8347
8348
8351
8354
24739
8355
24741
8357
8360
8361
8362
8365
8370
8372
24756
24762
24763
8379
8381
24767
8383
8385
8386
24772
8388
24773
8390
24774
8391
8394
24779
8396
24780
8397
24781
8398
24783
24787
8406
24790
8407
8408
8409
24794
8410
8411
24796
8413
24797
8415
24800
8416
8419
24803
8420
8423
24808
8428
8429
24813
8430
24816
8433
8434
24818
24819
8435
8436
24821
8438
24822
8439
8440
8444
8445
8446
8447
8448
8449
8452
24837
24839
8456
8457
24842
8459
24845
8463
24848
8464
8467
8469
24855
8473
24858
8477
8478
24863
8480
8481
8482
8483
24867
24868
8485
24873
8490
24874
24877
8494
8495
24880
8496
8497
24883
24884
8501
8502
24888
8505
8506
24890
8507
24891
8509
24894
24895
24897
8514
24900
24902
8518
8519
8521
24906
8522
8523
24908
24909
8526
8527
24912
8530
24914
8531
8535
8536
8537
8538
8541
24925
8542
8545
24929
8546
8548
8552
24938
8557
24946
8562
24947
8564
24948
8567
8568
24954
8571
24955
8572
24956
8573
24958
8574
24959
24960
8577
24962
8578
24964
8581
8582
8583
8584
24969
24970
8587
24973
24974
8591
8594
8597
8598
8600
24985
8602
8605
24990
8606
24991
8609
24995
24996
8612
8613
8614
24998
25001
25002
8618
25003
25005
8622
25007
8624
25009
8627
8628
25012
8629
8630
8632
8635
25019
25020
8636
8638
8639
25024
25026
8643
8644
8645
25029
8647
8648
25032
8649
25033
8650
8652
25037
8653
8654
25042
8663
25047
25049
8669
25053
8670
8672
8674
25058
25059
8675
8679
25063
8680
8682
8683
25067
8684
8685
25070
8687
8688
8689
8692
25077
25078
8695
25079
8696
8697
25082
8700
25086
8702
25089
25091
8709
25094
25096
8713
8714
25098
25099
8715
8716
8717
25101
8718
8719
8720
25104
8721
25106
8723
8724
25109
8727
25113
8731
25116
8733
8734
25119
25121
8737
25122
8738
25123
25126
8744
25128
8745
8747
25131
8748
25134
25135
8753
25140
25141
8757
8758
25142
8760
8763
8765
25150
25151
25152
25153
8769
25154
8770
8771
25155
8772
8775
8776
25160
8778
8779
25165
8782
8783
25167
8785
25171
8787
8788
8791
8792
25180
25182
8798
25185
8803
25187
25189
8807
25192
25194
8812
8813
8814
25198
25200
8817
25202
25204
8821
25206
8827
25212
25215
8832
8833
8835
25219
8836
8837
8838
25222
8840
25225
8842
8846
25231
25234
8850
8852
8854
8855
8856
25240
8857
8861
25245
8863
25247
8864
8865
25254
8871
8872
8873
25260
8877
25261
8879
25267
8885
8886
8889
25274
25275
25276
25277
8894
25279
8895
8896
25283
25284
8902
8903
8905
8906
8907
8908
8909
25293
25294
8912
25297
8915
25299
8917
25301
8918
8919
8920
8924
25308
8927
8928
8929
25314
8930
8931
25317
25318
8935
25319
8938
8939
25323
8941
8944
8945
8946
8947
25331
25332
8950
25335
8952
8954
25339
8956
25342
25344
25346
8963
25348
8964
25349
8967
8968
25352
8970
8971
25358
8974
8975
25360
8976
8978
8979
8980
25365
8982
8983
25368
8984
8985
8986
8989
25374
8991
8992
8993
25378
8996
8997
25382
8999
9001
25385
9002
25388
25389
9006
25390
25391
9007
9009
25393
25395
9011
9012
25397
9013
9014
9015
25399
9016
9017
25401
9018
9019
9021
25405
9022
25406
25407
9024
9028
25413
9032
25418
9035
25420
9037
9039
9040
9041
25426
9045
25430
9047
25434
9051
9053
9054
25440
25442
9059
9060
9061
9062
9063
9064
9065
25450
9066
25452
9069
9071
9072
25457
9073
25458
9077
9079
9082
25467
25468
9086
9087
25472
25473
25474
9092
9094
9096
9099
9102
9105
25490
9106
9107
9109
9110
25495
9112
9113
25497
9115
25499
9119
9121
25506
9123
9125
25510
9127
9128
9133
9134
25518
9135
25519
9136
9137
25521
25523
9140
9142
25527
9145
25532
9148
9149
9150
25535
9152
25538
9154
25539
25540
9157
9158
9161
25548
9164
9166
9167
25551
9168
25554
9174
25558
9175
25559
25562
25563
9180
9181
9183
9185
9186
25570
25571
9189
25574
9191
25575
9192
25577
9193
9194
25578
9195
25580
25581
9199
9200
9201
25586
25587
9203
9205
9206
25593
25595
9211
25599
9215
25601
9219
9221
25605
9222
9223
25609
25610
9226
9227
9229
25613
25614
9230
9231
25616
9233
25618
25619
9236
25622
25623
9244
25628
9245
25630
9246
9247
9249
25633
25634
9250
9252
9253
9255
25639
25640
9257
25642
9260
25644
9263
25647
25648
25651
9267
25654
9270
9272
25656
25657
9274
9275
9276
25661
25664
9280
25666
9287
9288
25675
25676
9293
9297
25681
9298
9300
25684
9301
25685
25687
25688
25690
9306
9308
9309
9310
9311
25695
25696
9317
25701
9318
9320
9321
25705
9322
9323
25709
9326
25713
9332
25717
9334
9335
9336
9337
9339
9340
25724
9342
9343
25727
9344
25728
25729
9346
25731
9347
9348
9349
25733
25737
9354
25739
9357
25743
25744
9361
9364
9365
9366
9369
9370
9373
25758
9375
9380
9381
25765
9382
9385
9388
9390
25774
25775
9392
25778
9394
25779
25783
9402
25787
9405
9407
9410
9411
9412
9414
9415
25799
25801
25803
9420
9421
9423
25807
25813
25814
9431
25815
9434
25818
9435
25820
25821
25823
9442
25827
25828
9444
9447
25832
9449
9450
25835
9452
25838
9456
9457
9461
25847
9464
25849
9466
25850
25855
9473
9474
25859
25860
9476
9477
25862
9480
9481
9482
25866
9485
25869
25870
9486
9489
25874
9490
9491
9492
9493
9494
25880
9497
25884
9502
9503
25887
9504
9506
25892
25893
9511
25896
9512
25897
9513
25900
25901
9518
9519
25904
25906
9522
9523
25907
25908
25910
25911
9528
9530
9532
9533
9535
9536
25920
9537
25923
9541
9543
25928
9552
25936
9554
25939
9556
25940
25941
9557
9558
25943
25944
9560
9561
9562
9564
9565
25949
9566
25951
9568
9572
9574
25959
9575
25960
9576
9577
9578
9581
25965
25968
25970
25971
25972
25973
25975
9592
9593
9594
25978
25979
9596
9598
25982
9599
25984
9603
25988
25989
9607
9610
25996
9614
9615
9616
9617
26002
9619
9620
26004
9622
9626
26011
26012
9628
9629
26013
9630
26015
9632
9633
26019
9635
26021
9638
26022
9639
9640
9641
26026
9643
26027
9644
9645
9647
26032
9649
26037
9656
26040
9659
9660
26044
9661
26045
9662
9663
26047
9664
9665
26049
26050
9667
9668
26053
26055
9671
26057
9674
9675
9676
9677
9680
9681
9682
9683
26067
26068
9684
9685
9687
26072
9689
26073
9690
9691
9693
26077
9694
9695
26079
9696
26080
9698
26084
26086
26087
26088
9706
9707
9708
9709
26094
9710
9713
26099
9716
9717
9718
9719
26104
26105
9721
9723
26110
9726
9727
9728
9730
9732
26116
9733
26118
9736
26120
26121
9738
9739
9740
26125
9741
9744
9745
9749
9750
26134
26135
9752
26137
9754
9755
26140
9757
26141
26144
9760
9762
9763
9766
9767
26151
9768
26154
9771
9772
26157
9775
9776
9777
26162
9778
26165
26168
9785
9786
9788
9789
26175
26176
9792
9794
26179
9796
26180
9797
9798
26183
9800
26186
9803
9804
9805
9808
9809
26194
9810
26199
9816
26201
9819
26203
9820
9821
9824
9826
9827
26212
9829
9831
9832
9834
9835
9836
9838
9839
9841
26225
26226
9843
26228
9845
9846
9847
26231
9848
9849
26236
9853
9854
9855
26240
26243
9859
9860
26245
9864
9865
26251
26253
9870
9872
26256
9873
26258
9875
26260
26261
9877
9878
26263
9880
9881
9883
9886
26270
9887
9889
26274
9892
26277
26278
26279
26282
9899
26283
9900
9901
26285
26286
9903
9904
26288
9905
26291
9909
26294
9911
26295
9912
9915
9918
26302
26303
26306
9923
9924
9925
26310
9927
26313
9929
9930
26314
9932
9933
9936
26321
9938
26322
9940
26327
26328
9945
26329
9946
26331
9947
26332
9949
9950
9951
9952
9953
9954
26341
9957
9958
9959
9962
9963
9967
26352
9968
26355
26358
9975
9976
9977
26362
26363
26365
9981
9982
26367
9984
26369
9988
26372
9990
9992
9993
26380
9999
26384
10001
26385
26386
10003
10004
10005
26389
26393
10009
10010
26394
26395
26396
10014
26399
10016
26402
10018
10020
10023
10025
10026
26411
26412
10029
26414
10032
10034
26419
10038
26422
26424
26425
10042
10043
10044
10045
26431
10048
26433
10049
26434
10050
10051
10052
10055
10058
26442
10059
10060
10062
10065
26449
10067
10068
26452
10069
26453
26457
26458
10074
10075
26463
10080
10082
10085
10086
10089
26473
26475
10092
26476
10094
26478
26479
10095
10097
26482
10098
10100
10101
26487
10109
26494
10110
26495
10111
10113
26498
10115
26500
26501
10119
26504
10120
26505
10122
10123
26507
26509
10126
26510
10128
10130
10133
10134
10135
26521
26522
10139
26523
26526
26529
10145
26531
10147
10148
10150
26535
26537
10154
26539
26541
10157
10158
26542
26543
10160
26544
10162
26547
10164
10167
26551
10169
26554
10171
10172
10173
10174
26558
10175
26560
26561
26562
10178
26563
10179
26565
10182
26567
26569
10186
26572
10190
10191
26575
10192
10193
10194
10196
26580
26581
10197
10198
10199
10202
10203
26587
10204
10205
10206
26592
10209
26593
26594
26595
10211
10212
26596
10214
26598
10217
10218
26603
10221
10222
26606
10223
10224
26609
10226
26611
26613
10230
10231
26615
10234
26618
10235
10236
10239
10240
10241
26626
10243
26629
10245
10246
26632
10250
10253
10254
26639
10256
10257
26641
10260
26644
10261
26646
10263
26648
10265
26650
10266
10267
10268
10269
10271
26655
10273
26662
10280
10281
10283
26667
10284
10288
10291
10292
26676
26678
26679
10300
10302
26686
10303
26687
10305
10306
26691
10307
26693
10310
26694
10311
26695
10312
10317
10318
10320
26704
10321
10322
10323
26707
10326
10327
26711
10328
26714
26715
10332
10333
10335
10336
26720
10339
10340
26725
10342
26726
10343
26727
26733
10349
10350
10353
26737
10354
26738
26740
26741
10358
26742
26743
10360
26745
10361
10363
26747
10365
10366
26754
10370
10374
10375
10376
26761
10378
26763
26765
10381
10382
10383
26769
10388
26772
26773
10390
10391
26777
10395
10396
10402
10404
26788
10405
26791
10407
10410
10412
10413
10414
10415
10417
26802
26804
10420
10421
26806
10422
26807
10423
10424
10425
26811
10428
10429
10431
26817
10436
10437
10438
26822
10439
10442
10443
10445
26830
10446
10447
26833
10449
10450
10451
26835
26836
10452
26837
10454
10455
10456
26842
10459
10461
26845
10462
10464
26848
26849
10466
26851
26853
26854
10472
26856
10473
10474
26858
26859
10475
26860
10476
10479
26864
26867
10483
10484
26870
10487
26871
10490
26874
10491
10493
26877
26878
26879
10495
10497
10498
10500
26886
10503
10504
26888
10505
10506
26890
26891
10508
26893
10510
26895
10512
26897
10513
26899
26900
10518
10520
10522
10526
10527
26912
10529
26918
26919
26921
10539
26925
10541
26927
10545
10547
10548
10551
10552
26937
10556
10557
26943
10559
10560
26946
26947
10563
10564
10565
10566
26951
10567
10568
26953
10570
10572
26956
10573
10574
10575
10577
26962
10579
26963
26964
26965
26967
26969
26970
26971
26972
26975
10591
10592
26980
26981
10598
26982
26983
10602
26987
10604
10605
26990
26991
10608
10609
10611
10614
26998
26999
27003
10620
27005
27006
27009
10626
27012
10628
10629
10630
27015
27016
10635
10638
10639
10642
10643
27028
27029
10645
27032
10649
10651
10653
27038
10654
10655
10656
27040
10657
10658
27042
10661
10663
10664
27048
10665
27049
10666
27050
10667
10668
10669
27054
10670
10671
27057
10675
10677
10678
27062
10679
10680
10681
27065
10683
10686
27071
10687
27072
27073
27074
27076
10692
10693
27077
10695
27079
10697
27082
27084
10701
27086
10702
10703
27089
10705
27090
10708
27096
10714
27098
27099
27100
27101
10717
10718
27103
10719
10720
10723
27110
10727
10728
10729
10730
27114
27115
10733
27117
27118
27120
10737
27123
10740
27124
10741
10742
10744
10745
10746
10747
27132
27133
10751
27135
27137
10753
27138
10757
10758
27142
10759
27144
10760
10761
27145
27146
10763
27147
10765
10767
10768
27152
10769
27153
27154
10771
27157
10773
10781
10782
10783
10784
10785
10787
10789
10792
27178
10794
10795
27182
10799
27185
10802
10803
27188
10804
10805
10806
27190
10807
27191
10808
27193
10809
10811
27195
10812
27196
27197
27199
27200
10819
27203
27204
10821
10822
27206
10825
10826
10827
27212
10828
27213
10829
10830
10831
10836
27221
10837
27222
27224
27225
27226
27227
10843
27229
27230
10847
10850
27235
10851
10853
27237
10854
10855
27239
10857
10858
10860
27246
10862
27247
27248
10864
10865
10866
10867
10868
10869
27254
27255
10872
27258
27259
10875
10879
27266
10883
10886
27270
10888
10889
27277
10895
10896
27281
10898
10899
27284
10900
10902
27288
10904
27289
10907
10908
10909
10910
10911
27296
10913
27300
10918
10921
10925
27310
10927
27311
10931
27317
10935
10936
27320
10937
10938
10939
10941
10942
10943
10945
10946
10947
10948
27332
10949
27333
10954
10955
27339
10956
10962
27346
10963
27347
27348
27350
10967
27351
10968
10969
10970
10972
10974
27358
10977
27361
27362
27363
10981
27365
27366
10985
10986
27372
10988
10991
10992
10995
27380
10997
10998
10999
11000
27387
11003
11004
11005
11007
11011
27397
27398
27399
11015
11018
11019
27403
27404
11021
27405
27406
11023
27407
11025
27409
27410
11027
11028
27413
11032
11033
11036
11037
11038
27422
11039
27424
11041
11044
11045
27429
27431
27432
11048
27433
11051
27435
27437
11053
11054
11055
11056
27443
27445
11062
11066
27454
11071
27455
11074
27458
11075
27462
27463
11079
11085
11086
27471
11087
11088
27475
11091
11092
11093
11094
11095
11096
27480
11097
27481
27482
11098
11099
11100
27484
27485
11103
11106
27491
11108
27492
27493
27494
27496
11112
11114
27502
11118
27504
27505
11121
11122
27506
11123
11125
11126
11128
11130
11131
27515
11132
11136
11139
27524
27526
27527
27528
27530
11146
27536
11157
11160
11161
11164
11165
11166
27552
11169
27553
11170
11171
11172
11175
27560
11178
11179
11180
11181
11183
27568
11185
11187
11188
11189
27574
11191
11192
27576
11193
11195
11197
27582
11199
11201
11202
27586
11203
27588
11206
11208
27595
11213
11214
11215
27599
11217
11218
11219
11221
11222
27606
27607
11224
27608
11226
11227
27611
11228
11229
11230
11233
11234
11238
27622
11239
11241
27625
11242
27626
11243
27627
11244
27628
11245
11246
27632
11248
11249
11250
27634
27635
11252
27640
11258
27643
11260
27645
11261
11262
11263
27647
27650
11268
27653
11269
27654
11270
11271
11272
27657
27659
11276
27660
11277
27662
11278
11279
11280
11281
11283
27668
11285
11290
11291
27676
11292
11295
11296
11297
11298
27683
27684
11300
11301
27685
27686
11303
27687
11305
11307
11310
11312
27698
11316
11321
27705
11322
27706
11324
27708
11326
11328
11331
27716
11333
11335
11336
27721
11340
11342
27727
11343
27728
11345
27730
11346
11348
11349
27734
27736
11352
11354
11355
27740
11356
27743
11361
27745
11362
27746
27747
11363
11364
11365
27752
11370
11371
27756
27758
11375
27759
11376
11377
27762
11380
27765
11382
11384
11385
27769
11387
11388
11389
11390
11391
11393
11394
11398
11399
27785
11403
27787
11404
27788
11406
27790
27793
27794
11411
11412
11413
11414
27798
11416
11417
27801
11418
11419
27805
11428
11429
27813
11430
27816
11433
27819
11436
27823
27824
11442
11443
27827
27829
11446
11449
27833
27834
11452
11454
27838
27839
11455
27843
11461
11462
11463
27848
27849
11466
27850
11468
27854
11473
11474
11476
11478
27863
11482
27867
11484
11486
27870
27871
11488
11490
27876
11493
11494
27878
11495
27879
11497
27881
27883
27884
27889
11506
11507
11508
11509
27894
11510
11512
27896
27898
11515
11516
11517
27901
11518
27902
11520
11522
27906
11523
11524
27909
11526
11527
11529
27913
27914
27915
27916
11535
11536
11539
27923
11540
11541
11543
11545
11546
11547
11548
27934
27935
11552
27936
11553
11554
27939
11555
11556
27940
11557
27941
27942
11560
27945
11561
27947
27949
11566
27950
11567
27951
11569
11570
11573
27958
27960
11578
27963
27964
11582
27967
11585
11586
11587
11588
27973
11589
27974
11590
11591
11593
27978
11594
11595
11596
27981
11599
11600
27984
11601
27985
27986
11607
27991
11608
27992
27993
27995
11613
27999
11616
28000
11617
28001
28003
11620
28009
28012
28013
11630
28016
11632
28018
11639
28026
11642
28027
11643
11644
28030
11651
11652
11653
11655
11659
11660
11661
28045
11662
11664
11665
28052
28053
11670
28054
28055
11671
11672
11673
11674
11675
11676
11679
11680
28065
11682
28067
28070
11691
11692
28076
11693
11694
11695
11698
11700
11701
28086
11702
11704
28089
11706
28090
28092
28093
11709
11710
28094
11711
11713
28097
11714
11716
28100
28102
11719
28103
11721
11722
28110
11726
28111
11728
28113
11730
11731
28115
11732
28120
11736
11738
28122
28123
28124
28125
11741
28126
11742
28127
28128
11746
11747
28131
11748
11749
11754
11755
11756
11757
28142
11760
28145
11766
11767
11770
28154
28156
11772
11773
11776
28162
11779
28163
28164
11780
28165
11782
11783
28167
11784
28169
28171
11789
11790
11792
11794
11795
28179
11796
11798
28183
11800
28184
11801
11802
28186
11810
28194
28195
11811
11814
11816
11817
28202
11818
11820
28210
11826
11827
28211
11832
11835
28220
28221
11837
28222
11839
28224
11841
28226
11845
28230
11847
28231
11848
11849
11852
28237
11854
28238
28239
28241
11858
28243
11859
11860
28244
11861
28246
11863
11865
28252
11869
28254
28255
11871
11872
11874
11878
11880
11881
11883
11884
11887
11888
11889
11890
11899
11902
11905
11911
11912
11913
11914
11920
11933
11940
11946
11952
11953
11955
11967
11969
11976
11977
11980
11981
11982
11983
11986
11988
11991
12001
12002
12003
12004
12007
12020
12025
12026
12028
12029
12032
12035
12036
12037
12041
12042
12045
12046
12047
12048
12052
12054
12057
12060
12062
12065
12067
12069
12073
12074
12076
12077
12079
12083
12089
12093
12094
12104
12110
12114
12116
12118
12119
12121
12125
12131
12134
12143
12146
12158
12165
12166
12170
12172
12174
12177
12183
12190
12198
12202
12204
12207
12208
12209
12223
12225
12228
12232
12239
12243
12248
12249
12251
12252
12255
12257
12258
12263
12267
12270
12273
12275
12277
12278
12280
12284
12295
12298
12304
12307
12309
12311
12315
12316
12321
12323
12324
12327
12328
12329
12333
12335
12336
12337
12349
12352
12353
12355
12360
12372
12376
12377
12384
12386
12389
12391
12392
12394
12395
12405
12407
12409
12412
12414
12417
12420
12424
12426
12427
12431
12433
12434
12436
12446
12449
12455
12456
12457
12460
12463
12466
12474
12478
12480
12484
12486
12487
12494
12496
12498
12507
12511
12512
12513
12520
12524
12525
12527
12538
12539
12542
12545
12546
12548
12550
12551
12552
12555
12556
12561
12569
12573
12574
12575
12577
12578
12580
12584
12586
12587
12588
12613
12624
12628
12630
12635
12636
12643
12644
12647
12653
12654
12657
12658
12667
12670
12671
12674
12677
12678
12682
12687
12688
12689
12695
12702
12703
12710
12712
12713
12715
12716
12717
12721
12725
12728
12730
12732
12733
12736
12737
12741
12742
12743
12744
12748
12749
12750
12751
12753
12766
12769
12771
12772
12773
12774
12779
12788
12789
12792
12795
12796
12798
12800
12804
12806
12808
12813
12814
12817
12818
12821
12827
12829
12830
12831
12832
12834
12835
12836
12840
12844
12847
12849
12850
12856
12859
12862
12864
12871
12872
12873
12875
12877
12878
12882
12883
12888
12889
12899
12903
12906
12912
12916
12917
12920
12929
12930
12937
12940
12943
12945
12951
12956
12957
12963
12969
12973
12974
12980
12981
12989
12991
12998
13000
13001
13002
13004
13005
13008
13011
13013
13014
13017
13018
13023
13029
13031
13036
13040
13056
13057
13059
13065
13068
13077
13078
13080
13082
13086
13089
13096
13097
13100
13102
13106
13108
13113
13116
13118
13124
13126
13128
13129
13131
13132
13136
13139
13143
13147
13148
13149
13150
13151
13152
13153
13155
13160
13162
13167
13170
13174
13178
13181
13183
13189
13192
13200
13204
13214
13215
13216
13222
13226
13232
13236
13239
13244
13246
13249
13250
13255
13256
13257
13258
13259
13264
13265
13267
13269
13270
13274
13275
13278
13284
13285
13290
13294
13297
13304
13310
13312
13316
13318
13325
13328
13331
13333
13343
13346
13350
13354
13356
13358
13359
13365
13368
13375
13377
13379
13386
13391
13394
13399
13404
13408
13414
13421
13424
13425
13429
13432
13435
13436
13437
13439
13441
13448
13453
13457
13459
13464
13465
13466
13467
13468
13469
13474
13483
13485
13489
13500
13501
13502
13503
13504
13507
13508
13513
13520
13521
13529
13531
13532
13534
13540
13547
13552
13558
13562
13563
13566
13567
13568
13574
13585
13587
13588
13592
13593
13594
13598
13603
13604
13609
13614
13619
13620
13621
13624
13625
13627
13628
13631
13637
13642
13643
13645
13648
13649
13650
13654
13658
13662
13678
13680
13681
13682
13684
13687
13688
13689
13692
13693
13694
13704
13709
13711
13712
13713
13720
13721
13723
13724
13731
13732
13738
13739
13750
13755
13758
13769
13770
13772
13773
13775
13777
13778
13779
13786
13788
13789
13792
13793
13799
13807
13816
13817
13820
13827
13828
13837
13839
13842
13846
13848
13856
13859
13861
13863
13864
13865
13872
13873
13878
13881
13883
13888
13889
13892
13901
13903
13908
13911
13921
13925
13937
13938
13939
13942
13944
13946
13948
13954
13955
13963
13964
13966
13967
13971
13973
13980
13981
13983
13992
13995
13997
14000
14004
14007
14013
14014
14026
14027
14028
14032
14033
14035
14040
14042
14047
14055
14058
14060
14062
14075
14078
14082
14084
14087
14093
14094
14099
14101
14102
14103
14104
14107
14109
14113
14115
14117
14118
14126
14130
14131
14134
14137
14138
14142
14144
14148
14149
14150
14153
14156
14163
14165
14168
14169
14174
14177
14178
14180
14181
14194
14201
14207
14210
14212
14217
14219
14222
14224
14227
14234
14239
14242
14248
14249
14250
14257
14262
14266
14267
14273
14278
14279
14280
14281
14286
14289
14294
14297
14298
14304
14309
14311
14321
14324
14328
14330
14335
14337
14338
14341
14342
14344
14345
14346
14348
14349
14356
14358
14361
14362
14365
14367
14368
14370
14375
14378
14381
14386
14393
14395
14404
14408
14411
14414
14420
14421
14423
14425
14428
14429
14432
14435
14438
14441
14446
14448
14453
14457
14458
14460
14463
14469
14470
14471
14472
14474
14477
14480
14481
14487
14488
14498
14502
14508
14511
14520
14522
14527
14528
14529
14543
14544
14545
14546
14548
14554
14555
14557
14559
14562
14564
14569
14571
14588
14589
14592
14593
14594
14598
14599
14601
14602
14610
14612
14613
14616
14618
14620
14622
14624
14629
14637
14638
14640
14645
14648
14649
14654
14656
14659
14663
14665
14666
14667
14671
14672
14674
14676
14681
14684
14692
14697
14698
14699
14704
14705
14707
14708
14710
14714
14715
14716
14720
14722
14724
14726
14727
14733
14734
14736
14738
14739
14742
14743
14749
14756
14759
14771
14774
14780
14781
14783
14790
14791
14792
14797
14802
14806
14821
14824
14827
14831
14835
14845
14852
14854
14855
14859
14861
14862
14863
14865
14868
14869
14877
14878
14880
14886
14891
14895
14903
14906
14908
14915
14922
14923
14924
14926
14929
14937
14938
14948
14955
14957
14959
14961
14966
14972
14977
14980
14982
14983
14984
14987
14988
14994
14998
15004
15006
15009
15012
15017
15018
15023
15029
15030
15035
15036
15039
15041
15042
15049
15050
15052
15054
15055
15057
15058
15064
15069
15073
15078
15081
15082
15083
15085
15086
15087
15088
15093
15095
15096
15098
15100
15101
15104
15105
15108
15111
15112
15115
15118
15122
15124
15125
15126
15128
15133
15135
15136
15139
15145
15146
15149
15159
15160
15162
15164
15174
15178
15179
15187
15188
15193
15199
15200
15202
15218
15219
15222
15226
15227
15233
15235
15236
15242
15245
15246
15252
15254
15255
15260
15263
15264
15265
15266
15268
15273
15276
15278
15280
15282
15283
15289
15291
15293
15297
15298
15299
15310
15313
15315
15318
15319
15320
15321
15324
15330
15332
15334
15335
15338
15340
15343
15348
15349
15351
15355
15356
15360
15361
15363
15365
15368
15369
15371
15373
15374
15377
15378
15379
15384
15388
15393
15395
15396
15398
15401
15408
15410
15411
15413
15414
15418
15420
15421
15424
15428
15429
15434
15436
15438
15441
15443
15444
15445
15446
15447
15449
15458
15460
15461
15463
15465
15467
15470
15472
15473
15478
15487
15489
15490
15492
15497
15504
15508
15518
15522
15524
15526
15533
15542
15543
15547
15549
15552
15559
15568
15574
15575
15580
15581
15591
15592
15598
15600
15602
15603
15608
15610
15615
15617
15620
15628
15629
15630
15632
15637
15639
15647
15650
15654
15657
15659
15672
15677
15686
15699
15703
15705
15706
15711
15719
15722
15724
15725
15734
15736
15737
15739
15741
15744
15746
15752
15762
15765
15766
15767
15773
15775
15777
15778
15779
15780
15781
15793
15796
15803
15806
15811
15814
15817
15820
15825
15829
15832
15833
15834
15844
15847
15850
15852
15853
15856
15859
15860
15861
15865
15866
15869
15870
15871
15873
15881
15883
15885
15887
15888
15896
15897
15900
15901
15909
15911
15912
15916
15922
15923
15926
15929
15930
15934
15935
15941
15950
15955
15958
15959
15967
15968
15972
15973
15975
15976
15980
15982
15988
15991
15992
15995
16002
16003
16004
16006
16009
16012
16014
16015
16016
16018
16023
16024
16032
16033
16036
16042
16045
16052
16053
16056
16064
16066
16067
16072
16074
16076
16078
16084
16094
16095
16105
16107
16113
16114
16115
16117
16119
16120
16125
16128
16130
16132
16142
16143
16146
16147
16148
16150
16155
16157
16160
16168
16173
16174
16178
16184
16191
16192
16193
16196
16197
16199
16200
16201
16202
16203
16206
16208
16209
16213
16215
16216
16221
16222
16224
16235
16238
16240
16250
16252
16258
16264
16271
16272
16273
16274
16276
16277
16284
16286
16287
16289
16291
16295
16297
16298
16301
16303
16308
16309
16312
16313
16317
16320
16323
16325
16327
16329
16332
16334
16335
16338
16339
16340
16341
16344
16350
16352
16356
16359
16361
16370
16371
16378
474
0
1
2
3
4
5
6
7
8
9
10
11
12
13
14
15
16
17
18
19
20
21
22
23
24
25
26
27
28
29
30
31
32
33
34
35
36
37
38
39
40
41
42
43
44
45
46
47
49
50
51
52
53
54
55
56
57
58
59
60
61
62
63
64
65
66
67
68
69
70
71
72
73
74
75
76
77
78
79
80
81
82
83
84
85
86
87
88
89
90
91
92
93
94
95
96
97
98
99
100
101
102
103
104
105
106
107
108
109
110
111
112
113
114
115
116
117
118
119
120
121
122
123
124
125
126
127
128
129
130
131
132
133
134
135
136
137
138
139
140
141
142
143
144
145
146
147
148
149
150
151
152
153
154
155
156
157
158
159
160
161
162
163
164
165
166
167
168
169
170
171
172
173
174
175
176
177
178
179
180
181
182
183
184
185
186
187
188
189
190
191
192
193
194
195
196
197
198
199
200
201
202
203
204
205
206
207
208
209
210
211
212
213
214
215
216
217
218
220
221
222
223
224
225
226
227
228
229
230
231
232
233
234
235
236
237
238
239
240
241
242
243
244
245
247
248
249
250
251
252
253
254
255
256
257
258
259
260
261
262
263
264
265
266
267
268
269
270
271
272
273
274
275
276
277
278
279
280
281
282
283
284
285
286
287
288
289
290
291
292
293
294
295
296
297
298
299
301
302
303
304
305
306
307
309
310
311
312
313
314
315
316
317
318
319
320
321
322
323
324
325
326
328
329
330
331
332
333
334
336
337
338
339
340
341
342
343
344
345
346
347
348
349
350
351
352
353
355
356
357
358
359
360
361
362
363
365
366
367
368
369
370
371
372
373
374
375
376
377
378
379
380
381
382
383
384
385
386
387
388
389
390
391
392
393
394
395
396
397
398
399
400
401
402
403
404
405
406
407
408
409
410
411
412
413
414
415
416
417
418
419
420
421
422
423
424
425
426
427
428
429
430
431
432
433
434
435
436
437
438
439
440
441
442
443
444
445
446
447
448
449
450
451
452
453
454
455
456
457
458
459
460
461
462
463
464
465
466
467
468
469
470
471
472
473
474
475
476
477
478
479
480
481
482
