187
2305
1026
4
9
777
1292
1040
1552
1811
2324
2069
2329
2073
1818
2076
1309
29
1053
541
287
1315
35
2084
1065
1833
1321
1579
1836
2092
556
1070
558
2094
1583
306
1843
2099
311
55
824
1849
1595
829
2369
577
1602
836
1351
71
1607
1867
75
1869
591
1615
1616
1107
2389
1111
88
857
2393
1626
1114
1119
1375
1120
1888
609
2401
354
1636
868
356
100
869
1127
360
1640
1129
2153
363
1900
877
1389
2415
1904
2417
369
1394
370
1395
627
883
372
1908
1399
887
1657
2169
1402
378
2430
1153
1410
1155
1415
651
1676
2189
1166
658
402
1684
1430
1686
156
1442
2211
1188
2213
1701
1446
167
1448
682
1965
176
1203
1460
1461
1718
695
2231
696
440
1464
2235
189
1983
1729
452
965
199
1224
1738
460
1740
1228
2254
208
1233
978
468
1748
1750
215
2007
985
1497
1759
2273
1506
995
228
2021
741
230
999
1772
2285
1005
1517
2286
2031
241
2289
1778
1010
245
1783
1784
1273
1017
1529
1787
2300
128
0
1
2
3
4
5
6
7
8
9
10
13
14
15
16
17
18
19
20
21
22
26
27
28
29
31
32
33
34
39
40
41
42
44
45
46
47
48
49
52
53
54
56
57
58
59
60
61
62
66
67
68
69
70
71
72
73
74
75
78
79
80
81
82
83
84
85
86
87
88
92
93
94
95
96
97
98
99
100
101
102
107
108
109
111
112
113
114
117
118
119
120
121
122
123
124
125
127
130
131
132
133
134
135
136
137
138
139
140
141
143
144
145
146
147
148
149
150
153
154
155
156
157
158
159
160
161
162
