14166
32770
32771
32772
32776
8
9
32778
32780
32781
32782
14
16
32784
32785
32786
20
23
32791
32793
26
32794
27
28
32797
31
32801
34
32803
36
32805
32808
42
45
46
32814
47
32816
32818
52
53
32823
61
63
65
32833
66
32834
68
32836
69
32838
32843
77
80
32854
87
32857
32858
32864
32870
32872
32874
107
109
114
32884
118
32887
120
121
122
125
128
32898
130
132
133
134
32904
137
32905
143
32912
32915
148
32918
153
156
32925
32926
32927
32928
32932
165
32934
166
32935
32937
174
32942
180
32948
182
32950
183
32953
188
190
32959
192
32960
193
195
196
32967
32970
32974
208
32976
209
32978
32979
32983
32984
217
32990
32991
227
228
32997
32999
33000
33002
237
33006
241
33009
33010
33011
246
248
33017
33021
259
260
33028
33031
264
33033
268
273
275
276
33044
277
33048
33049
33050
33051
287
33056
33057
290
33058
33062
295
33063
33066
299
33067
302
33076
309
33080
313
33082
316
33084
33087
33088
33091
33094
328
33096
33097
33099
33100
333
336
337
33105
339
33109
342
344
345
33115
33119
33121
33123
359
33127
361
33133
365
366
368
33139
33140
372
373
374
33142
33143
377
33145
33147
380
33150
383
33151
33152
33154
33159
392
33160
33161
394
33163
33164
397
33165
398
33167
400
33168
401
33171
33172
408
33176
33177
411
33180
33181
414
33182
417
33185
33186
420
33189
33190
425
428
33197
433
434
435
437
33209
443
444
33212
33213
33215
33216
449
33217
450
33222
33223
459
467
33236
33238
33239
472
33244
477
33245
478
479
481
33249
483
488
33256
490
494
33262
495
496
498
33266
33269
33270
503
506
33275
507
509
512
33280
513
33281
515
33283
33285
33287
521
33290
523
524
33293
529
531
33299
33301
33302
33303
535
536
33304
537
540
33311
545
33314
33316
552
33320
33321
33322
33328
562
33332
566
567
33335
33338
570
571
33339
572
33340
576
33345
579
33350
33352
33358
591
33364
598
33369
603
33372
33373
606
608
33379
33380
33382
615
33384
617
33385
33386
619
621
33389
33392
33394
33395
628
629
633
33401
33402
638
33406
33410
645
33413
33415
647
33418
651
655
656
657
659
33428
661
663
33431
664
665
33435
33440
674
33443
676
33444
680
686
33455
687
33456
690
694
695
696
33465
698
33467
701
33471
705
706
707
33478
711
33479
712
33480
713
33482
33483
716
33485
719
33488
33491
728
730
33501
33502
33504
33505
738
33506
740
33508
741
33509
743
33511
747
749
751
33519
752
756
33524
757
33526
759
33527
33529
33531
765
33535
768
33536
771
33540
774
778
33551
786
788
33561
795
796
33565
799
33570
803
804
808
33578
811
812
33581
815
33585
818
33591
824
33594
827
33597
830
832
33601
834
33602
33603
835
838
33608
842
33610
843
33612
847
33617
33619
854
856
858
33626
859
863
33631
33632
865
866
869
871
33639
872
33641
874
33644
33649
884
33652
33653
33654
33655
888
33657
893
894
895
33667
901
33669
902
33672
906
33674
908
33677
911
33681
33683
918
920
925
33693
927
929
930
33698
933
33703
938
939
33709
944
33715
33716
950
33718
33719
33721
956
958
960
33728
33729
33732
967
968
33737
972
33740
975
33747
33748
984
33753
986
987
33755
988
33756
33765
33769
33770
33771
1004
33772
33773
1006
1007
33777
33779
1012
33780
33781
1014
1015
1016
1017
33785
1018
33788
1022
33790
33793
33795
33796
33798
1033
33804
33805
33807
33808
33810
1045
1048
1056
33825
33828
33830
1063
1064
33832
33833
33834
1067
33835
1068
33836
33838
1070
1071
33841
33842
33843
33844
1077
1078
1081
33851
1084
33856
1089
33860
1093
1097
33865
33866
33867
1101
33869
33870
33871
1104
33873
33874
1107
33876
1109
1111
1112
1115
33883
33884
1118
33886
1119
33888
33889
33891
33893
1127
33899
1131
33902
33905
33906
1139
33912
1146
33914
1147
33918
33920
1155
1156
33925
1160
33930
1165
33934
1168
33937
1170
33938
1173
1174
33944
1177
1178
33946
1179
33948
33949
33950
1184
33953
1187
33956
1189
33957
33958
1192
33960
1193
1194
1195
1196
33964
1197
33966
1199
1204
1205
1206
33975
1208
33978
1210
33979
1213
33983
33985
1219
33990
1224
33993
1226
33994
1228
33997
1231
1232
34006
1245
1246
34014
34015
34016
34020
34023
1256
34024
1257
34025
34029
34030
1263
34034
1269
1272
34040
34041
1274
1275
34045
34046
1279
1280
34049
1284
1285
34054
1287
34056
1289
34059
34060
1294
34062
1295
34063
34064
1300
34070
1304
1307
34076
34077
1312
1314
34083
1317
1319
34087
34088
34090
34091
1323
1324
1327
34095
1329
1330
34098
34101
34102
1334
1335
1336
1342
1344
34112
1345
34113
1347
34115
34117
1352
34121
1355
1357
34125
34129
34130
1363
1366
34134
34136
1372
1373
34142
1377
1378
34146
1385
34154
1387
1388
34157
34159
1392
34160
34162
1394
1395
34163
34164
1397
1402
34170
1403
1404
34172
34176
1409
34177
1414
1416
1418
34189
34190
34191
1424
1425
34195
34196
1429
34197
1431
34200
34201
1434
34202
1435
34203
34206
1443
34212
34213
1446
34214
34217
1450
1454
1456
1458
34226
1460
34228
1461
34229
34231
34233
1466
1470
34238
1471
34239
34241
34243
34247
1480
1482
34253
1487
1489
1490
34260
1493
34261
34262
1495
34265
1498
1499
1502
34271
34272
34273
1506
34274
34276
1509
34279
34280
1513
1517
34285
1518
34286
1521
1522
1527
34296
1529
34297
1531
1532
34300
1534
34303
1536
34308
1541
34309
34311
1544
34314
1547
34316
1549
34318
1551
1553
34321
1554
34323
34327
1560
34328
1561
34329
34330
34331
1566
34336
1570
34340
1574
34343
1576
34344
34347
1580
34348
1583
34352
34353
1585
1588
34356
34360
1595
1596
34365
34366
1599
34367
34369
1602
1603
34374
1606
34377
34381
1615
34384
34385
1620
34389
1621
34391
34392
1626
1630
34398
1634
34403
1637
34405
1640
1641
1644
34413
1650
1655
1656
34424
1658
34431
1668
1671
1673
34442
1675
34444
34445
34447
1682
34450
1684
34453
34454
34456
1688
1692
34460
34461
1694
1699
34467
34472
1706
34474
1708
34478
34482
34483
34487
1720
1725
34493
1726
34497
1730
34499
1733
34502
1735
34507
34508
1742
34510
34512
34513
1747
34516
1750
1751
34519
1752
1753
1754
1755
1756
34527
1760
1766
1767
34535
1768
1771
34540
1774
1777
1779
34549
34550
1784
34552
34553
34554
34555
1789
34558
1793
34561
1794
1797
34565
34566
34568
1802
1804
1805
34575
34578
1813
34581
34582
34583
34584
1817
34585
34586
34587
34588
1823
1824
34593
34595
34596
34597
1836
34604
34606
1845
34617
34619
34620
1854
34624
1858
1860
1865
34634
1868
34638
34639
1872
34643
1876
1877
34646
34647
1880
1882
34651
34653
1887
34662
1895
34666
1900
1903
1906
1907
34676
1909
34680
1915
1918
34687
34689
1922
1925
1926
34694
1927
1929
1930
34698
34700
1934
1936
1937
1938
1940
34709
1942
1946
34714
1947
34715
34719
1952
1954
1956
1959
34727
34728
34729
34730
34731
1964
1965
34733
1968
1970
1973
1974
1975
1977
34748
1980
34749
1982
34750
34751
34754
1988
1989
34758
1991
34759
34760
1997
1999
34767
2002
34774
2008
34777
2010
34778
2011
2014
34782
34783
34785
34786
2020
2022
34790
2023
34791
2024
34793
34795
2028
2029
34797
34798
34799
2032
2034
34802
34804
2037
34805
2038
34806
34808
34811
2045
34816
34818
2052
34822
34824
34825
2058
34826
34830
2063
2065
34833
34834
2067
34838
34840
2073
34841
34844
2079
34847
2081
34849
2086
2087
2088
34856
2090
34864
2097
2099
2101
2103
2104
34874
2107
34876
2111
34879
2112
2113
2114
2116
34886
2121
34889
2122
2125
34901
2135
34906
2140
34908
34911
2144
2146
34916
2149
2150
2151
2152
34921
34922
34924
2159
34927
2162
2165
34933
2168
2171
34940
34942
2176
34944
34945
2178
34949
34952
2185
34953
2186
34954
2187
2188
34956
2190
34959
34960
34964
34965
34967
2200
34969
34970
34971
34972
2206
2208
2212
2214
34983
2217
2219
34988
2222
34990
34993
2226
2227
2234
35002
2240
35008
35010
35011
2244
2250
35018
35019
2254
35022
35024
2258
2261
35029
35030
2263
35032
2266
35035
2270
35039
35041
2275
35043
35047
2280
2281
2282
2283
2284
2285
2286
2287
35056
2291
35060
35061
2298
35067
2300
35070
2303
2304
2306
35074
2309
35078
2310
35079
35080
2315
2317
2318
35088
2324
35093
35094
2329
2331
35100
2333
35102
2335
35104
35106
2340
35108
2343
2345
35113
2347
35115
2350
2351
35119
35120
2355
2356
2357
35126
2358
35127
35129
2362
35130
2363
2364
2365
2366
35134
2368
35137
2370
2373
35142
2375
35143
2376
35145
2379
35147
35150
2384
2385
35154
2388
35156
35159
2396
35164
2398
35167
2400
35171
35175
2409
35180
2418
35187
2420
2424
2425
35194
2427
35196
2431
35201
2434
35203
35204
2437
35208
2441
35210
35211
2445
35213
35214
2446
2448
2450
2451
35219
2454
2457
35225
35226
2462
35232
35235
2468
35236
2470
35238
35239
2472
35241
35247
2481
2484
35252
2485
2486
2489
35257
2491
35259
35263
35265
2498
35267
2501
35269
35270
2505
2506
35274
35277
2510
2511
35279
2512
35281
2515
35283
2517
35285
2520
35289
2523
35291
2524
2525
35293
35294
2529
2530
35299
2532
2539
35309
2546
2549
35317
2550
35318
35319
2552
2553
2554
35324
2558
2560
35329
35330
35333
35334
35337
35338
2571
35339
35340
2574
35345
35346
2580
2582
2586
35355
2590
35360
35361
2595
35363
2596
2598
35368
2603
35374
35375
35377
35378
2613
2614
35382
35387
35389
2622
35391
2624
2627
2628
35396
35398
35399
35400
2633
35401
35403
2636
2638
35406
35407
2640
35408
35409
2641
2642
2643
35413
35415
35416
2648
2650
35419
2652
2655
35423
35424
35426
2664
35434
2667
35436
2668
35437
2672
35442
2675
2676
2679
35448
2682
35454
2687
35456
35457
2690
2693
2694
35462
2695
2697
35465
2699
2700
2707
2709
2712
35481
35482
35484
2717
2719
2720
2724
2726
35495
2728
35496
2730
2731
2734
35507
35508
35509
2747
2748
2749
35518
35519
2753
2754
2755
2759
35527
35529
35532
35538
35539
35540
2773
35543
2777
35546
35547
2781
35549
2782
35551
2785
35555
2789
2790
35559
35561
35562
2796
35564
35566
2798
35567
35568
35570
2803
35571
2805
2808
35576
35577
2811
35579
35581
2816
35584
2819
35588
35590
35594
35595
2829
2832
35601
35605
2839
35608
35609
2843
2844
35614
35615
2849
35617
35619
2851
35622
2859
35627
35628
2867
35635
2868
35636
2870
35640
2873
35641
2875
2876
2877
2879
35649
2882
35653
35655
35657
2892
2894
2897
35665
35666
35667
35668
35670
35672
35674
35676
2912
2915
35687
2920
35690
2924
35692
2927
2928
35697
35698
35699
2935
35704
2937
35705
2939
35707
2940
2943
2944
35714
2947
35716
2950
35718
35719
35720
35722
35724
2959
2960
35734
35735
35737
35738
35741
2975
2976
35745
35748
35751
2984
2985
2988
35758
2991
35761
2993
2994
2996
35764
2998
3001
35770
3004
35773
3009
35777
3010
35778
3012
35780
3016
35784
3020
3022
3023
35792
35794
3027
35797
3033
35801
3037
35805
3038
35806
3039
3041
3044
3045
35813
3047
3050
3051
3052
35820
35822
3056
3057
3058
3060
3062
35830
35832
3065
3066
35836
3069
3070
3071
3072
35841
3075
35843
3077
35846
35848
3083
3084
35852
3086
3090
35858
3091
35860
3093
3094
3095
35863
3096
35864
35865
3100
3101
3103
35873
3105
3106
35875
3108
35879
3112
35882
35884
35885
3118
35888
3121
35894
3128
3131
3132
35900
35902
35903
3137
35907
35908
3144
3147
35915
35916
3149
3150
35918
3153
3154
3155
3156
35924
3157
35925
3158
3160
35929
3162
35931
3164
3167
3168
3169
35940
35942
3177
35946
35947
35948
3183
3185
35953
3188
35959
3192
35960
35962
3196
35965
35966
3201
3202
3204
3205
35973
3206
35974
35976
35980
3214
35987
3220
3226
35994
3229
3230
35998
3231
36000
3233
3234
36002
36003
36005
3238
3239
36010
36015
36016
3249
36022
36023
3256
36026
3259
3260
3262
3264
36032
3266
3267
3268
36036
36037
3270
3272
3274
3276
36044
36046
3279
3282
36052
36055
3288
3289
3290
3291
36060
36065
3298
36066
36067
36068
36071
3305
3306
3309
3310
3312
36080
3313
36082
3321
36089
36090
3324
36095
36098
3334
3335
36106
3341
36109
3342
36113
36114
36115
36118
36120
3354
36122
3355
36123
36125
36126
36127
3360
36129
3365
3366
36134
36135
3368
3369
36137
36141
3374
36142
36143
3375
36149
3382
3384
36152
3385
3386
3389
3395
3396
3398
36167
36168
3402
36176
3409
36177
3411
3412
36181
3414
36182
3415
36184
3418
36187
36190
3423
36191
3424
36193
36198
3433
36203
3438
36208
3441
36209
36211
36212
36214
36215
36216
3448
3450
3453
36223
3455
3456
36224
3458
3459
3461
3465
36233
36237
3470
3474
36245
3479
36247
3481
36250
3484
3485
36256
36259
3492
3493
36262
36264
3497
3498
36266
36267
36268
3504
3505
3506
36279
36281
36284
36285
3517
36286
3519
36287
3520
36289
3522
36292
36293
3527
36295
36296
36297
36298
3531
36300
3533
36304
3539
36310
3543
36311
36312
36313
36314
3551
36324
36325
3558
36326
36327
36328
3566
3568
3570
36339
3573
36341
36342
3576
36344
36346
3578
36349
3583
3586
36354
36355
3588
36359
36365
36367
36371
3604
3605
36373
3606
3609
36378
36379
3611
3615
36383
36384
3617
3618
36391
36393
3626
36394
36398
3631
36400
36402
3635
36404
36406
3639
3642
36411
3644
3645
36413
36415
3648
36416
36418
3651
36420
3654
3657
36426
3659
3660
36429
36431
3664
36432
36434
36435
3668
3670
36439
3672
3674
3676
36445
3678
3680
3681
3682
36450
3684
3685
36454
3687
3688
36457
36458
36459
3692
36463
36465
36467
3700
36470
36475
36476
36477
3711
3712
36485
36486
36487
36489
36490
3724
3725
36494
36497
3732
3733
36501
3734
3735
36503
36504
36505
36506
36507
3740
36508
3741
36509
3743
3744
3745
3746
3751
3752
36520
3756
36524
3757
3758
36527
3761
36529
36530
3764
36533
36535
3767
3774
36543
36544
3777
36546
3782
36550
3783
36551
36552
36553
3786
3788
36556
36558
3791
36559
36560
36562
36563
3796
36568
3803
3804
36573
3805
3808
3809
36577
3810
3811
3814
36582
36583
36585
36587
3820
3821
36590
3824
3825
3826
36601
3834
36602
36603
3836
3841
36609
36611
3845
3846
36614
36615
3849
36618
3851
3852
36620
36621
36624
3858
36626
3859
3862
36630
36631
3865
3867
36636
36638
3873
3874
36642
36646
3880
36649
36653
3886
3888
36656
36657
36660
3892
3893
36661
36662
3897
3898
3899
36670
3903
36671
36672
36673
36679
3913
3916
3917
3918
3919
36687
36690
3927
3928
3929
3931
36700
3932
3933
3934
3935
36703
36704
3938
3939
36707
36708
3941
3942
36710
36711
36713
3945
3946
36714
3947
36717
3950
3954
3955
36724
3956
36725
3958
3959
36727
3960
3962
3964
36734
36735
36736
3969
36738
3972
3975
36745
36746
3981
36751
36757
3990
36758
3991
36761
36764
3997
36765
36767
4000
4006
4009
36777
4011
36783
4016
36784
4018
36787
36790
4025
4028
36796
4033
36801
4035
36808
4041
36809
36810
4045
4046
36814
36816
36817
36818
36819
4052
4057
36826
4060
4063
4069
36837
36841
36844
36847
4087
4088
36858
36860
4092
36861
36862
4097
36865
4101
36869
4102
36870
4105
4106
36878
36879
4113
36881
4116
36886
4122
4126
36896
4129
36897
4134
36902
36903
36904
36905
4138
36906
36908
36909
36911
36912
4145
36915
4148
36917
36919
4152
36921
36923
36924
4160
4165
36933
4166
4168
36943
4178
36948
36950
4183
36952
36953
36955
36956
4188
4189
36957
4194
36962
36963
36964
36965
4198
36966
4199
36968
36969
36971
4207
36977
4210
36983
36984
36986
36989
36992
4225
4230
4231
37000
4233
37002
37003
4237
37005
4240
37008
37009
4242
37010
37011
37015
4248
4253
37021
4254
37022
4256
37024
4259
4261
37029
37030
4264
37032
4266
37034
4267
4270
37040
4274
4275
4278
37048
4281
37049
37051
37052
37055
4288
4289
37059
4294
37062
4295
4296
37064
4298
37066
4299
37067
4300
4302
4304
37073
37075
37077
4311
4312
37081
37084
37085
37086
37089
37090
4326
4327
37096
37098
37099
37100
37102
37104
4338
4339
37109
4341
4342
37110
4343
4344
37114
4348
37117
37118
37119
4353
37121
37123
37124
4359
4360
37130
4363
4366
37134
4367
4369
4370
4376
37144
37146
4380
4382
37150
4383
4386
4387
37156
37157
4390
37160
37161
4396
4398
37168
37172
4407
4410
4412
4413
37182
37185
37186
4419
37187
4420
4423
37192
37194
4427
37196
37197
4431
4432
4433
37201
4435
37203
37204
37205
4437
4438
37206
37207
37211
37216
37217
37219
4453
4455
37223
37224
37225
4462
37231
37232
37237
4470
37240
37245
4479
4480
4481
37250
37251
4483
4484
4486
37254
4488
4492
37260
4497
4498
37268
4501
4504
4506
37274
4509
37277
4510
37278
37279
4512
37283
4517
37285
37289
4525
37293
37297
4531
37299
4532
37302
4535
37303
4536
4538
37306
37307
4540
37309
37310
37313
37315
37317
4550
37322
4557
37325
37326
4559
37327
4560
37328
37330
4563
37333
4566
4567
37335
4568
37336
4569
37337
4571
4572
37340
37342
37343
37344
4577
37345
37348
4582
37350
4583
4585
37353
37356
4592
37363
4599
37367
4600
4602
37370
4603
4605
4608
4610
4611
37385
4619
37389
4626
37394
4628
37396
4629
37401
4636
4639
37407
4640
37410
4644
4645
37414
4649
4651
37420
4654
37423
4664
37434
37436
4669
37438
4671
37439
37440
4673
37443
4676
37444
37445
37447
4679
4680
37449
4682
4684
4686
4687
4689
4690
4691
37459
4693
37462
4695
37463
37465
4700
37468
4701
37471
4705
37474
37476
4712
4713
37481
37483
4715
37484
37488
37489
4723
37493
4728
4730
4731
4732
37500
4733
4734
4740
4743
4745
37515
4748
37516
4749
37518
4751
37519
37520
4754
37525
37531
4765
37533
4767
37535
4768
4772
37540
4773
37541
4781
37550
4786
4788
37557
4790
37558
4791
37560
37561
4794
4796
4799
37567
4800
37572
4805
37573
37576
37577
4811
37579
37580
37582
37583
4816
37585
37586
37587
4819
4824
37592
4825
4826
37596
4832
4833
4836
37604
37609
37610
37612
4845
4846
37615
4849
4850
37618
4851
37620
37626
4859
37628
4862
37632
4865
4867
4868
37636
4869
37637
4870
37639
37642
37643
37644
37645
4878
37646
37649
4883
4884
37653
4888
4889
4892
4894
37664
37667
37670
37671
37673
4911
4912
37680
37683
4917
37685
4918
4919
4921
4922
37692
4928
4929
37697
4930
4931
4932
4933
4936
4941
4943
4945
4946
37714
37715
4949
37717
4956
4959
4962
4964
4966
37734
4970
37739
4972
4973
4974
37749
4983
37751
4985
4986
37754
4988
37756
4990
4993
4994
4998
37768
37770
37771
37775
37777
37780
5014
5015
37786
5019
37788
37789
5023
5025
37794
5027
5029
37797
37798
5031
5032
37801
5035
5038
37807
5042
37814
37817
37818
5051
5052
37821
5054
5056
37828
5062
5063
37832
37833
37835
5068
5069
5070
37839
5073
5074
37843
5076
5079
37847
5083
37854
37855
5088
37856
5089
37857
5090
5091
37863
37866
5100
5105
5107
5108
5110
37878
37879
37882
5115
5118
5119
37887
37888
5121
37892
37893
5127
5128
37897
5130
5131
37900
37903
37904
5141
37909
37910
5143
5144
37912
37916
5149
5150
37919
5156
5160
37928
5161
5162
5163
37931
5166
37935
5168
5170
37938
5172
37940
37942
5175
37944
5177
37945
5179
5180
37949
37953
37954
5191
5192
37960
5194
5195
5199
37971
5204
37974
37975
37977
5210
37978
37981
5214
5221
5224
5227
5235
5236
5239
5240
5243
38011
5244
38012
5245
5247
5248
38017
5256
38024
5257
38030
38031
38033
38036
5270
5273
5276
38044
5277
38047
5281
5282
5284
5286
38056
5289
38058
38060
5293
5298
5299
5300
38068
5301
5302
38070
38074
5306
5308
5309
38077
5310
38080
5313
38081
38082
38083
5316
38084
5318
5319
38087
5321
5322
5326
38096
5330
5331
38100
5333
5335
38103
38105
5338
38106
38107
5343
5347
38115
38116
5348
38117
5353
38125
38126
5359
38127
5360
38129
5362
38133
5368
38137
38139
38141
5373
5375
5378
5379
5381
38149
5383
38157
5392
5393
38162
5395
5397
5399
5400
5402
38171
5405
5406
5410
38179
38182
5416
5418
5419
38187
5420
38189
38192
38193
5425
38195
5430
38198
38202
5436
38205
38206
38207
38209
38211
38212
5448
38217
38218
5452
38220
5454
5455
38223
38225
5458
38228
5461
38236
38238
5472
38241
38242
38243
5479
38248
5481
38253
38254
38255
5488
5489
5492
38260
38261
38267
5499
38271
5504
38273
5506
38274
38277
5510
5512
38280
5514
38287
5520
38288
5523
38291
38293
5525
5527
38297
38299
38300
38301
38303
5536
38306
5542
38313
38314
5547
38315
38318
38320
5553
38322
38323
5558
38327
5570
38338
38342
5575
38343
5581
5583
38353
5588
38356
5589
38358
38359
5592
38361
5596
5597
38365
5599
5600
38369
5603
5606
38376
38377
38383
5616
5617
38386
38388
5621
5622
5627
38400
5636
5637
38405
5638
5639
5641
38411
38412
5645
38413
38414
38416
5648
5654
5656
38427
38428
5661
5663
5666
38434
5667
38438
5671
38439
5673
5675
38445
5678
38448
38451
5684
38453
5686
5688
5691
38460
5693
38463
5698
38467
5702
5704
38472
38473
38474
38478
5711
38481
38482
5715
38483
5716
5718
5719
5721
38489
38490
5722
5723
38492
5725
5730
38498
5731
38502
5735
38503
5737
5738
38508
5740
5744
5750
5754
38524
38525
5758
38529
5765
38534
5767
5768
38538
38540
38541
5775
38544
5777
5778
38546
5779
38548
38550
5783
5788
5789
5791
38559
5793
5796
38564
5797
38565
5802
38570
38571
5804
38573
5806
5807
38576
38578
5814
5815
38584
38588
5822
5824
38594
38595
5830
5833
5834
38602
5835
38603
5836
38604
5838
38606
38607
5841
38610
38611
5844
5846
5847
5850
38618
38620
5853
38624
5857
38625
38626
5861
38630
38631
5864
38633
5866
5871
38639
38642
5874
38643
5876
5877
5878
38647
5879
38650
5883
5884
5885
5886
38655
5888
5889
38657
38658
5892
5893
5894
38662
38663
38665
5898
38669
5902
5906
38677
38680
5914
38683
38684
38685
5919
5920
5921
5925
38693
5927
38695
5928
38697
5930
5931
38700
38702
38703
38704
5938
5939
5940
5941
38710
38711
5944
38713
38718
38719
38721
5953
5954
38724
5958
38726
5960
5962
5963
38731
5964
38732
5969
38740
38741
38744
5977
5979
38749
5982
5983
38751
5987
5989
38759
38760
5995
5996
5997
5998
38766
5999
38767
6001
38769
6002
38772
6007
38775
38776
38777
6011
6014
38784
6018
38787
6020
38788
6021
6022
38791
38792
6025
38793
6026
6029
38798
6032
38801
38806
6039
38807
6040
38808
6041
38811
6047
6048
38817
38821
38822
38824
38825
38827
6060
6066
6067
38838
6071
6073
38841
6075
6076
6079
6081
38849
6082
6083
6086
38854
6088
6090
6091
6093
38861
38863
6096
38868
6101
38869
38871
6104
38872
38873
38874
38875
6109
38879
6112
6114
38882
38886
38887
38888
38889
38890
6123
6126
38898
6132
38900
6133
38902
38903
6136
38904
38906
6140
6141
38911
38912
38913
6147
38915
38916
6150
38918
38919
6158
38927
6160
6161
38931
6164
38932
6165
38936
38938
38940
38942
6174
38943
38944
6177
38945
38947
6180
38950
6184
38952
38954
38956
6189
38957
6191
38959
6192
38961
38962
6195
6196
38964
6197
38966
38972
38973
6206
38974
38975
38976
6210
38978
6211
6212
6218
6223
6228
6229
38999
6236
39004
6237
39007
6241
39009
6242
39013
6250
39018
39020
6253
39022
6255
6256
39025
6257
39027
6260
39029
6263
6264
39032
39034
6267
39035
39040
39043
6278
6279
39047
6280
39051
6284
39053
6286
39054
39057
39058
6291
39059
39061
39062
6295
6296
6297
6298
39069
6305
6306
39076
6309
39078
6312
6313
39082
6316
6317
39085
6323
6326
6327
39095
39096
6329
39097
39101
39102
6335
39104
6337
6339
39107
6340
6343
6348
39117
39121
6354
39122
6358
39126
6359
39127
39130
6363
39132
6367
6369
6370
6371
39139
39140
6375
6376
6378
6382
39161
39163
6396
6397
39168
39176
6410
39178
6411
39181
6413
6416
39184
6417
39187
6420
6421
39189
6422
39191
39195
39196
6429
39198
6432
39203
6437
39206
6443
6444
6446
39216
39217
39220
6453
39223
39227
6461
39229
6462
39230
39231
39232
39233
39235
6468
6469
39237
6470
39239
6472
6474
6478
39247
6480
6481
39249
6484
6486
39255
6488
6489
6491
39259
39260
6494
39262
6495
39267
39268
6501
39269
6505
39273
39274
6508
6509
6510
39278
6513
6516
39284
6518
6520
6521
39289
39290
39291
39296
6528
6530
6531
39299
39306
6539
6541
6545
39313
6547
39316
6551
39320
39321
6553
39324
39326
6560
39328
39330
39331
39334
6567
39336
39338
39339
39340
6574
6576
39345
6578
39348
39350
39352
6587
39356
6589
39357
39358
39360
6596
6598
6599
6600
39368
6601
6602
6604
39372
6605
39374
6608
39377
6611
39381
6619
6620
39389
39391
6624
6627
39397
6630
39400
6633
39403
6636
6637
6638
6639
39407
6640
39408
39410
6642
6643
39411
6644
39413
6647
6651
39419
6652
6657
6660
6661
39429
6663
6664
39432
39433
39434
6668
39436
39437
39439
39441
39444
6677
39445
39447
39450
6683
39451
6687
39455
6688
39459
6694
39462
6695
39464
39465
6699
6700
6702
39470
39472
39473
6707
39475
39477
6712
39481
6715
39483
6717
39487
39488
6721
6722
6724
39493
6727
39495
39497
39500
6733
6735
39505
6740
6745
39513
6747
6748
6750
39518
39519
39522
6756
39525
39527
6762
6763
39532
6765
39534
6767
6769
39537
6770
39538
6773
39541
6779
39547
39550
6786
39554
39555
6789
6792
39561
6795
39564
39567
6802
39574
39576
6809
6810
6811
39581
6817
39586
39590
39591
6826
39594
39595
6835
39603
6836
6838
39606
39607
6840
39608
6841
39610
6844
6848
39616
39623
39624
39625
6858
39627
39628
39629
39630
6863
6865
39634
39636
6873
39646
6879
6880
39648
6881
6882
39652
39655
6888
39656
6889
6890
6894
39662
6895
6898
39667
6902
39670
39671
39673
6906
39675
6909
39677
39678
6911
6915
6916
6917
6919
39687
6920
6923
39691
39693
39695
39696
6929
6930
39698
6932
39700
39702
6936
6937
6938
39706
39707
39708
6941
6942
6943
39712
39713
6946
6950
6953
39726
39729
39730
6963
6965
6966
39742
6975
39745
6979
39747
39751
39753
6986
6987
39755
6988
39757
39758
39761
6995
39763
39764
6998
39767
39768
7004
7009
39777
39785
39786
39788
7023
39794
7027
39795
7028
39796
7031
7033
7034
39802
39807
39808
7040
39813
7046
39814
39815
39818
7052
7053
7054
39823
7056
7057
7058
7059
39827
39828
39829
39830
7063
7065
39833
7067
39835
7069
39840
7072
7074
7076
7078
39849
7082
39851
39853
7086
39855
39857
7090
39859
39860
7093
7094
7099
39871
7104
39875
7111
39880
7113
39881
7115
39885
39887
7123
39891
7126
7129
39898
39901
7134
39904
7137
7138
39906
7140
39908
39910
39911
7145
7146
39914
7148
7149
39917
7150
7154
7155
7157
7158
39929
7163
7164
39934
39935
7168
39937
7171
39940
39941
7174
39942
39943
7176
39944
39946
39947
39948
7182
39950
7183
7186
39954
39956
7189
7190
7193
39961
7196
39965
39966
39971
39973
39974
7211
39979
7213
39981
39983
7216
7217
39987
7221
7223
39991
7224
7225
39994
7232
40000
7233
7234
40002
7235
7236
7238
40006
7239
40007
7240
40010
7242
7243
7244
7245
40014
7249
7250
40021
7256
40024
40025
7262
40030
7263
7265
40033
40035
7268
7270
7271
7273
40041
40044
7277
7286
40054
40055
7289
40057
7292
7293
7294
40062
40065
7298
40067
40068
7301
7302
7304
40074
40077
7315
7316
7317
40085
40088
7321
40092
7326
40094
7328
40096
40097
7332
40103
7336
7337
7339
7340
7342
40110
7344
40112
40113
7347
40115
40116
7349
40117
7360
40128
40130
7366
7367
7368
7369
40137
40139
7372
7374
7377
40145
7378
40147
40148
7381
40149
7382
40151
7384
7385
7386
40154
7387
7388
7390
40158
7391
7393
40162
7396
7401
40169
40171
40174
7409
7411
40183
40184
7417
7418
7419
40189
7423
7424
40198
7433
7434
40202
40205
7442
7445
7446
7448
40218
7452
40222
40223
40226
7459
7460
40228
7461
40232
40233
7466
7467
7468
7470
7473
40242
40243
40248
7489
40260
40261
7495
7496
40264
7498
7499
7500
7501
7503
7504
7506
40274
40278
40279
7513
40281
7516
40286
40287
7520
40288
40289
40290
40291
7524
40292
7527
40295
7528
40296
7529
7531
7533
7535
7536
40307
40308
7543
7544
7546
40314
40315
40321
7554
40322
7556
40324
40325
7559
40328
7561
40330
7563
7564
7565
40333
40336
7570
7571
40341
7574
7576
7577
40346
40349
40352
7585
40353
7586
7587
7589
40358
7591
7592
40360
7593
7595
7596
40364
7598
7599
7602
40371
40372
40373
7608
40378
7612
40384
40385
7619
7620
40388
7621
40389
7622
7626
7627
40395
40396
7630
40398
7631
7633
7634
40406
7639
40407
40408
7641
40410
40411
7644
40413
7648
40417
7653
7655
40424
40427
40429
40431
7664
7666
7667
40436
7671
40442
7675
40444
7679
40447
7680
7681
40450
40451
7684
40453
40455
7692
7693
7695
40465
40467
40468
40470
40471
40472
7705
7709
40477
7710
40478
7711
7714
7721
7722
7725
40496
7730
40499
7732
7733
7735
40503
40505
40506
7743
40512
7745
40513
7746
40515
7747
40519
7754
7755
40524
7757
7761
7762
7763
40532
40536
40538
7771
40541
7776
7778
40547
40549
7785
7789
7790
40559
7792
40560
7794
7797
7798
7799
7800
40568
7802
7804
40572
40574
7808
7809
7810
40580
7814
40583
7816
7818
40586
40587
40588
7821
40590
7827
7828
40597
7831
40599
40600
7833
40601
40602
7835
40605
7838
40607
7841
40610
7843
40612
40613
7848
7850
40618
40620
40621
7854
7855
7857
7859
40631
7866
40634
7867
7868
7869
7871
7872
40640
7874
40643
40648
40650
40652
7885
40654
7887
40656
7892
40660
40662
7895
7896
40668
40671
7904
40673
40674
40678
7912
40685
40688
7921
40692
40693
7927
40701
7934
7935
7936
7937
40705
7940
40709
40711
7946
7947
40716
7950
7953
40723
7956
40724
7958
7959
40727
7960
7961
40730
7963
7964
40733
40734
40736
7970
40738
40739
40740
7975
7976
40745
7979
7980
7981
40750
40751
7984
40752
40754
7988
7989
40760
7993
7994
7996
40766
8000
8002
8005
40773
8008
40776
8010
8011
40780
40781
40782
8018
8020
40788
40789
8027
40796
8032
8033
40802
8035
40803
8037
40805
40806
8042
8043
8044
8045
8046
40819
8053
40823
40824
40825
40826
8061
40830
8065
40835
40836
8068
8069
40838
40839
8072
40840
40841
40843
40847
8085
8086
40855
40856
8090
40860
8094
8096
8099
8100
40868
40869
8104
8106
40874
8112
40880
40883
8116
40884
8118
40886
8119
40887
40888
40889
8126
8127
40895
8129
8131
8133
40902
40907
40909
8142
40913
40914
8148
8149
8152
40922
8155
8156
40924
8157
40926
8159
40928
40929
8163
40934
40935
8170
40947
8181
8182
8184
40952
8185
40953
8186
40955
8188
40956
8189
40958
40959
8193
40963
8198
8199
40968
8202
8203
40971
8204
40972
8205
40973
8207
40975
40976
40980
8213
40982
8215
8218
8220
8221
8222
40990
8224
40994
8228
40998
8233
41002
8236
8237
8238
41006
41007
41008
41009
8242
41011
41012
8246
8249
8250
41020
41022
8254
8256
8259
41027
41029
8261
8265
41033
8268
41039
8272
8273
41041
41042
8275
8278
8281
41050
8284
41053
8289
8290
41060
8292
8294
41062
8298
8299
41067
41068
8301
8302
8303
41071
41072
41076
8312
8314
41083
8318
8319
8321
41090
41095
41099
8332
8333
8336
8338
8339
8340
41108
8345
41114
41116
8351
8354
41123
8356
41124
41125
8359
41129
41131
41132
8368
41136
8369
8371
41139
41140
8373
8375
41146
8380
41149
41150
41151
41157
8390
41158
8393
8395
41164
8400
41169
8404
8405
41173
8407
8408
41176
8409
41177
41178
8411
41180
8413
8414
41182
8415
41183
41185
41186
41188
8420
8422
41190
41192
8427
41195
8428
41199
8433
41201
8435
41203
8436
41206
8439
41207
41210
8443
8444
41212
41214
41215
41218
41220
8453
41222
8455
41224
41226
41229
41230
8467
41236
41242
8477
41245
8479
41254
41256
8489
41257
41259
8494
8496
8499
41267
8500
8501
41270
41271
41275
41278
8510
8511
8512
8513
41283
8517
41287
8520
8522
8523
8525
41293
41296
41297
8530
41300
41306
8540
8547
8549
41317
41318
8551
41319
8552
41322
41323
8558
41327
41329
8562
8563
8564
8569
41338
41339
8574
41343
41348
8582
8583
8584
8589
8594
41368
8601
8602
8603
41375
8607
8610
41378
41379
8611
41381
8617
8618
41387
8625
41393
41394
8627
8628
8629
8632
8635
41403
8636
41404
8637
8639
8641
41409
8643
8644
41413
41415
8650
41419
8653
41421
8654
8658
41426
8659
41428
8661
8664
41433
8667
41437
8671
41439
8673
41441
41442
8675
41443
8678
8681
41450
8683
41452
41453
8687
41458
41459
41460
8694
41463
41464
8697
41465
8699
41467
41468
8701
41470
8705
41475
8708
41476
8709
8711
8713
41481
8714
41482
8715
41485
41486
41487
8719
41488
8721
41492
8726
8729
8731
41500
8735
41505
41508
8743
41512
8745
41515
8749
41518
8752
41520
41521
8754
41526
8760
41531
8768
41538
8770
41539
8773
41541
8775
41544
41545
41546
41547
8780
41550
41551
8789
41557
8790
8792
41561
8794
8796
41564
41565
8798
8799
41568
41569
8806
41575
8812
41581
8816
8817
8818
41586
41588
41589
8823
41595
8828
8829
8830
8834
8835
41603
8837
8838
41609
8843
8844
8846
41619
8853
41621
41623
41624
41628
8861
8862
8863
41631
41632
8865
8867
8868
41636
8870
41638
41639
8872
41642
8875
41643
41644
8876
8877
8880
41649
8885
41653
41654
41655
41656
8888
41658
41659
8894
41662
41663
41665
8898
8899
8901
8905
41674
8908
41676
8910
8915
41684
8916
41685
8920
8921
41689
8922
41690
41692
8925
8927
41697
41699
8935
41704
8938
41706
41708
8942
8943
8949
8950
41718
8951
41719
8952
41721
8954
41723
41724
41727
8960
41728
41729
8964
41734
8970
8971
8973
8975
41743
8981
8984
41753
8988
41756
8989
8990
8991
41765
41766
41767
9000
41769
9003
41771
41772
41773
41774
41775
9008
41781
41783
9016
41784
41785
9019
9021
9023
41791
9024
41792
9026
41794
41796
9031
9035
9038
41807
9041
9042
41810
41812
9045
9046
41814
41815
41816
9049
9053
9056
41824
9057
9061
9062
9063
41832
9065
41835
41837
9071
9072
9073
41843
9077
41846
41847
41850
9084
9086
41858
41860
9093
41861
9099
9106
9107
9110
41878
9112
9113
41883
9116
41885
41886
9119
41887
9120
9121
41889
9126
41900
41901
9134
41903
41905
9139
9140
9141
41913
41915
9151
41919
9152
41923
41924
9159
41927
9160
41928
41930
9163
41931
9164
41934
9167
41936
41937
41938
41939
41940
9175
9176
41946
9181
41949
9183
41952
9185
9187
9189
41957
9193
9194
41962
9195
41965
9198
41966
9199
41968
9201
41970
9203
41971
41974
9207
41975
9209
41978
9212
9215
41983
41987
9221
41989
41990
41994
41995
9227
9229
9230
42001
9238
9239
42007
42008
42015
9248
9249
42017
42018
42021
9254
9255
9256
42024
9258
42027
42029
42035
42037
42038
9271
42042
9275
42044
9277
9280
42049
9282
9283
9285
9286
9287
9288
42058
42062
9295
42066
42068
42070
42072
42073
42074
42077
9310
9314
42082
9315
42083
9318
9319
9320
42089
9322
42090
42094
42097
9335
9336
42104
9337
42105
9340
42108
9341
9343
9345
9347
42115
9350
42122
9354
42124
9358
9359
42127
42128
9368
9369
42141
9374
42142
9376
9377
42148
42150
9383
42154
9387
42155
42156
42157
9393
42162
9395
9396
42164
42165
9398
42168
9401
9404
9405
9407
42177
9410
42181
9414
42182
9417
42186
9419
42188
42190
9425
9429
9432
42203
42205
42206
42207
9442
9443
42212
42213
42214
9447
9449
9451
9452
9453
42225
9459
42227
42228
9461
9463
9465
9466
9472
9473
9477
42246
9480
42250
9484
42253
42255
42256
9489
9490
42260
9493
9495
42265
9498
42269
42271
9504
9506
42275
42280
42281
9516
9517
42285
9520
42288
42289
9524
9525
42295
9529
42297
9531
42299
42302
42303
42304
9536
9537
42305
42307
9540
42308
9541
9542
42310
42312
42316
42317
9550
42318
42320
9554
9555
42323
42324
42325
42327
42328
9560
9561
42330
42331
42332
9568
9570
42338
42339
9576
9579
9581
9583
9585
9593
42362
9596
42364
9597
9598
42367
9601
42369
42370
42372
9605
9606
9607
9609
9613
9614
42384
9617
9619
42389
9623
9625
9626
42394
9627
42395
42396
9629
42397
42398
42399
9633
42404
9637
42406
9639
42408
9642
42410
9644
42413
9646
9648
9649
9652
42420
9653
42421
9654
9663
9666
9668
9669
9670
9672
42441
42443
9676
42445
9682
42451
42452
42454
9689
42459
9696
42464
42466
42468
9703
42471
9704
9705
42474
42475
42477
9713
42481
42484
9718
9719
9720
42488
9722
9725
9727
42495
42496
9729
9730
9734
42502
9735
42503
42504
42506
9740
9744
42513
42517
9750
42518
9752
42520
42521
9754
42522
9755
42523
9757
42525
9760
42530
42532
9766
42534
9767
9769
42537
42538
9771
42539
9773
42542
42543
9776
42547
9780
9783
42551
9785
9786
9789
9792
42562
9795
9797
9799
9800
42569
9802
9803
9804
42572
9805
42573
9808
9809
42578
9811
9814
9816
9817
9818
9820
42589
42590
42591
42594
9827
9828
42596
9829
9831
9833
42606
9839
9840
42609
42611
9843
42612
9848
42617
42621
9854
42622
9857
42625
9860
9861
42630
42632
42635
42638
9871
42644
9879
9880
42648
42649
9884
9885
42653
9886
42655
9889
9891
9893
9896
9897
9900
9901
9904
9905
42674
9907
42675
9912
42683
9919
42688
9921
42689
42690
42691
9925
42693
42695
42696
42697
9930
42698
42699
42700
9933
42703
42707
42708
9941
42716
9952
9954
42723
9957
42726
42728
9960
42734
42737
42739
9973
42743
42744
42746
9982
9985
42756
42757
9992
42765
9999
42769
10003
10007
10009
10010
42780
10016
10017
42786
10019
42789
10022
42790
42798
10031
42800
10033
10034
42803
42804
10037
42805
42808
10041
10043
42811
10044
10045
10046
42815
10051
42820
42823
42824
10057
42825
10058
42826
10060
42828
42829
42832
10065
42834
42836
42837
10070
10071
42843
42850
42852
10086
42854
10088
10090
42858
10092
10097
10098
42872
42873
42874
42875
10107
42876
42878
10111
10112
42880
10113
10114
42882
10115
42884
10124
10125
42893
10127
42895
42896
10129
10131
10132
10133
42903
42904
10137
42907
10141
10142
10143
42911
10144
42912
42913
10147
10148
10150
10153
10154
42923
42926
42928
42931
10171
10172
42945
10177
10181
42949
42951
42952
10186
42955
42957
10190
42958
10191
42962
42963
10195
10197
10198
42966
10199
10204
10206
42974
10207
42975
42978
10212
10213
10214
42983
10216
10219
10221
10223
42993
42994
10227
42996
42998
10231
43000
10234
43002
10235
43003
10237
43008
10243
10246
10247
10249
10250
43019
43022
43024
10257
43025
10258
43026
10259
43027
43031
43032
43034
10268
43036
43046
10281
43049
43050
10283
10286
43054
10289
43057
10291
43059
10293
10295
10296
10299
43068
43069
43071
43072
43074
10312
43080
10313
43085
43086
43089
43092
10327
43095
10328
43096
10329
10330
10331
10332
43100
10334
10336
10337
10338
10342
43111
10345
43113
43114
10351
10353
43124
10357
43128
43129
10364
10365
43133
10369
10370
43138
10371
43140
10375
43143
10379
10380
10382
43151
43157
10391
10392
43162
43163
43164
43165
43166
43168
10401
43169
10403
43172
43174
10407
43176
43177
10410
10412
43180
43181
10417
43185
10418
10419
10420
10423
43191
10424
43192
43193
10428
10430
10431
43200
10432
43201
10437
10443
10444
43213
43214
10447
10448
43217
43219
10452
43224
43225
10458
43227
43233
10467
43235
10471
43240
43241
10476
43244
10478
43246
10479
10480
10481
43250
10483
43251
10485
43256
10490
10491
43259
10492
10493
10494
10496
43269
10502
43270
10504
10506
10507
10508
43276
10511
43279
10513
10514
43282
10519
43291
10523
10524
43292
43293
10527
43300
10533
43302
43305
10538
10539
43308
43310
43313
43314
10548
43317
10550
10551
43322
43325
43328
10560
10562
43330
43332
43335
43336
10569
43337
10570
43339
43340
10573
43345
10578
43346
43347
10584
43353
43355
10588
10590
10591
10592
10594
10596
43367
10602
43370
10605
10606
10613
43381
10614
43383
43384
10623
43392
43394
10630
43399
10632
10633
43401
43402
10635
10637
10638
43408
10643
43411
10645
10646
43414
43415
43416
43420
10653
10656
10657
43426
43427
43429
43432
10667
43439
10675
10676
43444
10680
43448
10681
43449
10682
10684
43455
10688
43456
43457
10690
10692
43460
10694
43462
10696
10697
43466
10701
43470
10704
43472
43475
10708
43477
43479
10712
43480
10714
43482
10715
10716
43484
10717
43486
43489
43490
10723
10724
10725
43493
10729
10730
10731
43501
43502
10735
43505
43506
10739
43510
10743
43514
43516
43517
10751
43519
10754
43523
43525
10758
43526
10764
10765
10767
43535
10769
43537
10771
10774
43544
10777
10778
10780
43548
43552
43553
10785
10786
10787
43556
10789
10790
43560
43561
10794
43562
10795
43564
10798
43566
43567
10799
10801
43573
10806
43574
43575
10808
10809
10810
43579
43580
43581
43582
10815
43584
10817
43585
10818
10819
43587
10821
10822
43592
10825
43594
43596
10829
43597
10832
43600
10833
43603
43605
10838
43607
43608
10841
10842
43611
43612
10847
43616
43618
10852
10853
43621
10855
43623
10857
43627
10861
43629
10864
43635
43636
43638
10872
43642
10877
10878
10879
10880
43648
10882
10884
43652
10886
10888
43656
10891
43659
10892
10893
10894
10896
10897
43666
43669
10904
43674
43676
10910
10911
43680
10913
43683
10916
10918
43686
10919
43687
10921
10923
10924
10929
10930
43698
43700
43701
10935
10939
10940
43708
10941
43711
43712
43713
10947
43715
10948
43716
10949
10950
10951
43719
43721
43723
43724
10957
10959
43727
43729
10965
43733
10966
10968
43737
43741
43742
10975
10977
43747
10983
10984
43753
10989
43757
10992
10993
10994
43764
10999
11000
43771
11005
43777
43780
11013
43786
11018
43790
43795
43796
11029
11030
43798
43799
43800
11033
43802
43803
43804
43805
11038
11039
43808
43809
11042
11044
43813
43814
43815
11049
43820
43821
43827
11060
43833
11068
11070
11072
11073
43841
43846
11079
43848
43849
11082
11086
43854
43855
11088
43857
11090
43859
11094
11097
43866
43868
43871
43872
43873
43874
11108
43876
11118
43886
11119
43887
43888
43892
43893
11129
43897
11130
11137
43906
43907
43909
43911
11144
43912
11145
43915
43916
11150
43919
11152
11154
11155
11156
43924
11157
11160
11162
43931
11170
43940
43941
11173
43943
43945
43948
11181
11183
11184
11185
11187
11188
11191
43959
11193
43961
43962
11195
43967
43969
43970
11204
43972
43973
43974
11206
43975
11208
11211
43979
11214
43982
43986
43987
11221
43989
11225
11226
11227
43997
11230
43998
11231
11233
44002
11236
44006
11240
44008
11241
44010
44012
11245
44015
44016
44017
11253
11254
44023
44024
11257
44026
11259
44029
44030
11263
44031
11268
11270
44039
11273
11275
44043
11276
44044
44047
11280
11283
44052
11285
11288
11290
44059
11294
11295
11296
44065
11298
44066
11300
44068
11302
44070
11305
44074
11308
44076
11309
11310
11313
44083
44085
44086
44087
11321
44089
44091
44093
44094
11326
11327
11328
44096
11329
44098
11331
44100
11333
44105
11341
44109
11342
11344
11345
44115
11348
11349
11350
44120
11353
11354
11355
44123
44125
11359
11360
44128
44131
44132
44133
11368
11370
44138
11371
11372
44142
11375
44143
44144
11377
44145
11378
11379
44147
11381
44151
11385
44153
44157
44160
11394
44162
11396
11398
44166
11400
44169
11402
11406
11407
11410
11413
11415
11416
44185
44188
11421
11423
44191
11427
44195
44196
44197
11430
11431
11432
44200
11434
44202
11435
44203
11436
11437
44205
11438
44208
11441
44209
11445
11446
11447
44215
11448
11449
44219
44220
11455
44223
11458
11459
44228
11463
11465
11467
44235
11468
11469
44237
11470
44238
11471
44241
44242
11475
11480
44248
44252
44253
44255
11489
11490
44259
44263
44264
11496
11497
11498
44267
11501
44271
44272
44273
11506
44274
44275
11510
11511
44279
11516
44284
11517
44285
44286
11518
11519
44291
44292
44293
44299
44303
44305
44306
44308
44310
11543
44312
11545
11546
44315
11549
11553
11556
44325
44330
44331
44332
11566
44334
44335
44336
11570
11571
44340
11574
44345
11578
44352
11586
44355
11588
11590
11592
44360
44362
44364
11599
11600
44372
11605
44373
44374
11609
11613
11614
11616
44384
11617
11618
11619
44388
44389
11623
44391
11624
11625
44395
11630
44398
11632
44401
11635
11636
44406
11639
44407
11642
44411
44412
11645
44414
44417
11651
44419
11655
11658
11661
44429
11663
44431
44433
11667
44435
11670
11674
11675
44446
11682
44453
44457
11690
11692
44461
44462
44463
11698
44467
44468
11701
44469
11703
11706
44475
44476
11708
44478
11711
44480
44481
11715
11716
44486
11721
44490
11723
11724
44492
11727
44495
11729
11731
44499
44506
44507
11742
11743
44513
11747
44516
44517
11750
44519
44521
11754
11755
11756
44525
11758
44526
11759
11760
44528
44529
11762
44530
11766
11768
44540
11776
11794
44564
11797
11798
11800
44569
44571
44572
44575
11808
44576
44577
11813
11815
44583
44585
11820
44588
11821
44589
44591
44592
44593
44594
11829
11830
11831
44599
11835
44603
11837
44609
44612
11846
44614
44615
11849
11851
44622
44623
11859
11860
44628
11862
11863
44633
44636
44640
44644
44648
11882
44650
11885
11886
44654
44655
44656
44657
11890
44660
44661
44669
44670
11904
44675
11909
44677
44678
11915
44683
11917
11920
44690
11922
44692
11926
11927
44695
11928
11929
11930
44698
44699
11932
44703
11935
44704
11938
11939
44707
11941
44711
11946
44714
44715
11947
11948
11949
11951
44719
11952
44720
44721
44724
11957
44725
11958
44727
44730
44733
11967
44736
11969
11970
11972
44740
44741
11975
44743
44745
11978
11979
11980
11981
44751
44754
11991
11992
11993
44761
44763
44767
12003
44772
12007
12008
12011
44779
44783
44785
12018
12019
44789
44793
44794
44795
12031
12032
44801
12034
12036
44805
12038
44806
44807
44808
12043
44811
12044
12045
12046
44814
12047
12049
12050
44818
12051
12052
12053
44821
12054
44823
12055
12056
44825
44826
44828
12061
44830
44831
44833
12066
12067
12069
12070
44838
44839
12078
44847
44848
44851
44852
12084
12088
12091
12092
44863
44865
12099
12101
44869
12102
12104
12105
44874
12108
44876
12110
44878
44880
44882
44883
12117
44889
44892
12128
12132
12133
12135
44904
12139
12141
12143
12145
44913
12146
44916
12149
44917
12150
44921
12154
44922
44924
44926
12158
44930
12163
44932
12166
44934
44937
12173
12174
12175
44944
44947
12180
44948
12182
44950
44952
12186
44957
12190
44961
44963
44964
44965
44966
12199
44967
44968
44970
12204
44975
44977
12210
44978
12211
44981
44984
44985
12218
12219
44987
12221
12223
44992
44993
12226
12227
12228
44996
12229
44998
12233
45003
12236
12237
45007
45008
12241
45010
45017
12254
45024
12259
12261
12262
45031
45033
12269
45037
12270
12274
12279
12280
12282
45050
45051
12284
12285
45055
12288
45060
12293
45061
45062
45063
12296
45064
12297
45065
45066
12301
12302
45070
45071
45074
45075
45076
12312
45083
45085
12318
12320
12323
12325
45093
12326
45094
12327
45095
12329
12330
12337
12338
12339
12340
45108
12341
12342
45111
12344
12345
12347
12353
12354
12364
12365
12368
12372
12373
12381
12382
12392
12393
12394
12395
12398
12400
12404
12414
12416
12420
12423
12426
12428
12433
12441
12442
12443
12444
12447
12450
12452
12454
12456
12463
12474
12483
12485
12486
12493
12501
12502
12503
12505
12506
12509
12516
12517
12534
12535
12537
12546
12564
12567
12574
12576
12578
12579
12582
12584
12590
12591
12594
12596
12604
12605
12612
12613
12614
12615
12617
12618
12619
12621
12622
12623
12633
12635
12638
12640
12641
12642
12647
12651
12654
12655
12656
12658
12659
12663
12666
12668
12670
12672
12674
12675
12678
12681
12685
12687
12689
12692
12695
12697
12701
12702
12705
12706
12709
12712
12720
12721
12725
12726
12727
12732
12734
12735
12737
12738
12748
12757
12759
12763
12766
12767
12774
12780
12783
12789
12790
12792
12793
12801
12802
12803
12808
12819
12822
12824
12832
12835
12838
12841
12846
12848
12850
12860
12861
12863
12864
12867
12868
12872
12873
12874
12875
12876
12878
12880
12885
12888
12891
12894
12900
12904
12906
12909
12911
12918
12922
12923
12935
12937
12942
12944
12945
12947
12950
12951
12952
12956
12958
12959
12960
12965
12966
12972
12973
12975
12982
12983
12986
12987
12990
12991
12995
12996
13001
13006
13009
13011
13012
13013
13015
13018
13020
13023
13032
13034
13038
13042
13044
13046
13054
13058
13061
13064
13065
13066
13071
13078
13079
13084
13085
13090
13096
13098
13106
13108
13112
13114
13116
13129
13131
13132
13136
13139
13143
13144
13145
13150
13155
13157
13158
13161
13164
13166
13167
13171
13175
13177
13180
13182
13183
13187
13197
13198
13200
13205
13208
13212
13216
13220
13228
13238
13243
13247
13248
13249
13251
13252
13257
13258
13260
13266
13267
13268
13270
13272
13274
13281
13283
13285
13293
13297
13298
13301
13309
13311
13314
13319
13320
13321
13326
13327
13329
13330
13335
13343
13344
13345
13354
13357
13362
13367
13368
13369
13370
13373
13378
13380
13381
13389
13396
13398
13399
13409
13410
13417
13418
13419
13421
13424
13425
13426
13427
13433
13435
13444
13449
13452
13453
13454
13458
13462
13468
13470
13472
13474
13475
13477
13486
13487
13488
13489
13493
13497
13499
13505
13507
13509
13511
13516
13519
13521
13532
13538
13539
13547
13548
13549
13550
13552
13554
13555
13564
13566
13568
13573
13577
13582
13583
13584
13585
13588
13591
13596
13597
13604
13608
13614
13615
13619
13622
13625
13628
13630
13631
13645
13646
13657
13665
13675
13678
13679
13682
13684
13688
13704
13713
13716
13718
13722
13725
13726
13728
13730
13738
13741
13742
13743
13745
13746
13750
13753
13755
13756
13759
13760
13762
13763
13764
13765
13766
13768
13779
13780
13788
13790
13793
13797
13808
13809
13810
13819
13822
13823
13824
13826
13827
13829
13831
13839
13842
13844
13850
13852
13857
13859
13860
13863
13869
13871
13873
13874
13877
13882
13884
13888
13889
13899
13901
13913
13914
13919
13924
13927
13928
13930
13935
13941
13950
13951
13956
13960
13961
13964
13969
13971
13973
13977
13978
13979
13980
13981
13983
13987
13990
13991
13992
13994
13996
13999
14007
14008
14018
14019
14024
14028
14031
14032
14041
14043
14048
14049
14053
14054
14058
14060
14067
14070
14074
14076
14083
14084
14086
14087
14090
14098
14099
14101
14102
14103
14105
14111
14113
14114
14118
14121
14128
14132
14140
14141
14144
14145
14149
14150
14154
14156
14158
14159
14160
14165
14171
14173
14174
14175
14176
14177
14179
14180
14193
14194
14196
14199
14200
14202
14211
14212
14215
14218
14220
14223
14226
14229
14232
14235
14239
14250
14252
14262
14263
14267
14269
14272
14276
14277
14278
14287
14290
14291
14297
14299
14301
14306
14308
14316
14317
14325
14331
14335
14340
14343
14348
14352
14353
14355
14356
14359
14362
14363
14364
14366
14373
14378
14379
14382
14384
14391
14392
14394
14397
14400
14402
14405
14410
14416
14419
14436
14438
14440
14441
14443
14445
14447
14449
14452
14454
14456
14457
14458
14459
14460
14461
14462
14463
14469
14475
14476
14478
14481
14487
14491
14492
14493
14498
14500
14502
14504
14505
14506
14509
14510
14512
14517
14520
14522
14525
14526
14530
14536
14537
14538
14539
14540
14550
14551
14555
14556
14558
14559
14560
14566
14567
14574
14576
14577
14578
14581
14592
14593
14594
14595
14596
14597
14598
14599
14601
14605
14606
14607
14610
14612
14614
14621
14623
14624
14632
14636
14639
14640
14641
14642
14645
14647
14648
14649
14652
14653
14659
14660
14661
14667
14670
14671
14674
14676
14677
14681
14685
14688
14693
14701
14711
14712
14718
14719
14722
14723
14727
14729
14731
14733
14735
14740
14746
14751
14757
14758
14764
14766
14768
14769
14776
14787
14790
14796
14800
14803
14806
14808
14816
14819
14823
14824
14826
14828
14832
14838
14841
14854
14857
14860
14862
14863
14864
14865
14866
14870
14877
14881
14882
14887
14892
14893
14897
14899
14900
14906
14909
14915
14920
14922
14926
14927
14928
14929
14931
14939
14940
14943
14949
14951
14952
14954
14956
14959
14961
14962
14964
14967
14968
14976
14977
14980
14994
14996
15002
15005
15006
15007
15008
15010
15012
15013
15014
15015
15017
15018
15020
15035
15037
15040
15049
15055
15057
15058
15061
15062
15063
15066
15069
15072
15073
15076
15080
15083
15084
15088
15089
15090
15091
15095
15101
15110
15112
15113
15116
15129
15131
15132
15137
15138
15139
15144
15146
15159
15162
15163
15165
15168
15174
15177
15187
15190
15191
15200
15206
15210
15214
15215
15219
15225
15227
15229
15230
15232
15235
15236
15237
15239
15240
15243
15244
15245
15247
15252
15259
15260
15261
15269
15271
15281
15282
15284
15286
15288
15290
15292
15298
15299
15304
15305
15309
15315
15316
15322
15327
15329
15330
15332
15333
15336
15342
15346
15347
15349
15353
15355
15359
15360
15361
15362
15366
15370
15379
15383
15384
15386
15392
15394
15399
15402
15409
15413
15415
15419
15420
15422
15427
15428
15429
15431
15433
15435
15437
15442
15443
15445
15461
15469
15471
15476
15480
15481
15483
15488
15489
15492
15493
15495
15496
15497
15498
15502
15503
15504
15508
15510
15511
15515
15518
15522
15527
15530
15531
15536
15543
15546
15548
15549
15554
15557
15558
15559
15561
15566
15570
15574
15578
15582
15584
15594
15596
15598
15601
15602
15604
15607
15608
15610
15612
15616
15619
15622
15623
15624
15627
15628
15629
15635
15637
15639
15640
15643
15644
15645
15655
15660
15664
15667
15672
15682
15683
15684
15685
15691
15694
15697
15698
15700
15701
15710
15711
15712
15713
15714
15715
15717
15722
15724
15728
15732
15736
15738
15739
15740
15746
15753
15754
15756
15757
15760
15762
15771
15780
15786
15787
15790
15811
15813
15818
15819
15820
15829
15832
15834
15835
15837
15841
15849
15853
15859
15863
15866
15869
15873
15874
15875
15881
15882
15885
15888
15889
15892
15894
15895
15896
15898
15902
15905
15909
15911
15914
15915
15916
15918
15919
15920
15927
15929
15933
15936
15938
15939
15944
15952
15953
15954
15955
15956
15964
15965
15967
15971
15973
15978
15993
15994
15998
15999
16000
16006
16007
16009
16010
16011
16012
16013
16014
16017
16019
16022
16024
16026
16029
16030
16034
16036
16037
16044
16048
16050
16059
16060
16061
16071
16073
16074
16079
16082
16083
16084
16085
16087
16092
16094
16096
16103
16104
16105
16108
16114
16118
16120
16125
16131
16132
16142
16147
16148
16149
16151
16152
16158
16160
16168
16176
16181
16183
16185
16187
16191
16192
16202
16209
16213
16221
16222
16224
16228
16229
16233
16235
16239
16241
16245
16249
16253
16255
16271
16275
16276
16280
16286
16289
16292
16294
16295
16298
16299
16302
16305
16312
16320
16322
16324
16326
16328
16330
16332
16335
16344
16346
16350
16353
16362
16368
16372
16377
16385
16388
16389
16390
16391
16397
16399
16401
16402
16404
16406
16413
16417
16422
16424
16429
16432
16438
16445
16450
16452
16457
16459
16468
16469
16470
16473
16474
16475
16480
16481
16482
16486
16487
16488
16489
16496
16497
16498
16505
16508
16509
16513
16517
16518
16521
16526
16532
16537
16539
16541
16542
16543
16557
16558
16560
16561
16563
16565
16566
16574
16576
16577
16581
16583
16585
16589
16594
16595
16596
16600
16601
16607
16610
16611
16612
16613
16615
16619
16624
16628
16630
16638
16649
16651
16655
16662
16667
16671
16677
16679
16682
16686
16693
16698
16699
16702
16704
16712
16713
16714
16723
16724
16725
16727
16734
16736
16743
16745
16749
16750
16753
16754
16758
16760
16761
16764
16768
16769
16772
16776
16777
16779
16784
16793
16794
16799
16800
16801
16804
16806
16821
16824
16829
16837
16840
16841
16843
16850
16851
16856
16863
16864
16866
16869
16873
16876
16881
16882
16884
16891
16892
16895
16899
16902
16903
16920
16922
16923
16924
16925
16927
16934
16935
16936
16943
16945
16947
16949
16950
16951
16954
16958
16964
16966
16967
16968
16970
16971
16976
16982
16991
16995
16998
16999
17001
17006
17009
17017
17018
17022
17023
17038
17040
17041
17047
17055
17057
17058
17060
17064
17071
17074
17079
17083
17091
17093
17094
17095
17098
17101
17105
17106
17108
17111
17112
17115
17120
17121
17122
17126
17128
17133
17134
17136
17139
17143
17145
17149
17150
17156
17158
17160
17163
17164
17178
17183
17184
17189
17190
17193
17195
17198
17200
17204
17207
17209
17211
17214
17215
17216
17220
17221
17225
17233
17234
17237
17245
17250
17256
17258
17261
17262
17265
17267
17273
17274
17280
17282
17283
17284
17285
17289
17290
17293
17294
17304
17306
17309
17311
17316
17320
17321
17325
17327
17332
17335
17342
17346
17349
17353
17355
17356
17357
17365
17369
17375
17383
17385
17387
17388
17400
17402
17405
17406
17410
17413
17414
17418
17421
17423
17432
17433
17435
17436
17439
17445
17446
17449
17452
17456
17458
17461
17462
17463
17465
17473
17474
17475
17476
17479
17480
17483
17488
17490
17491
17492
17495
17498
17503
17506
17509
17510
17517
17519
17520
17522
17524
17526
17528
17529
17532
17535
17539
17542
17549
17550
17556
17557
17559
17560
17561
17566
17570
17571
17572
17575
17580
17587
17599
17603
17605
17606
17608
17616
17618
17627
17628
17634
17635
17639
17643
17645
17646
17647
17653
17655
17658
17660
17661
17663
17665
17666
17667
17670
17672
17679
17681
17685
17687
17688
17692
17694
17695
17696
17698
17709
17712
17713
17719
17720
17729
17737
17741
17742
17745
17748
17749
17754
17755
17756
17757
17759
17760
17765
17773
17777
17779
17782
17793
17794
17797
17798
17803
17805
17807
17808
17812
17816
17817
17821
17823
17824
17829
17831
17835
17837
17838
17845
17849
17856
17858
17865
17866
17867
17871
17872
17873
17875
17876
17879
17883
17886
17889
17890
17895
17901
17902
17912
17913
17917
17921
17922
17923
17928
17930
17932
17933
17936
17937
17938
17941
17942
17943
17947
17949
17950
17951
17960
17962
17964
17971
17975
17983
17985
17988
17993
17994
17997
18002
18004
18008
18009
18013
18014
18015
18019
18020
18021
18024
18025
18035
18039
18049
18053
18056
18062
18063
18068
18070
18071
18074
18090
18093
18095
18097
18099
18108
18109
18110
18114
18118
18122
18129
18133
18134
18139
18142
18144
18145
18155
18162
18166
18168
18169
18170
18171
18173
18178
18179
18186
18190
18191
18192
18193
18194
18195
18196
18202
18208
18209
18210
18216
18228
18233
18236
18239
18241
18242
18247
18248
18252
18256
18260
18264
18265
18269
18270
18276
18279
18282
18284
18285
18288
18289
18291
18293
18298
18299
18300
18308
18311
18312
18318
18321
18322
18325
18329
18334
18336
18337
18339
18342
18343
18346
18348
18349
18356
18368
18373
18377
18381
18382
18386
18391
18394
18398
18400
18408
18410
18411
18414
18415
18417
18418
18421
18425
18433
18435
18438
18440
18442
18444
18446
18450
18451
18453
18454
18458
18459
18463
18465
18467
18469
18475
18477
18480
18481
18484
18485
18494
18495
18497
18498
18499
18502
18505
18506
18508
18509
18511
18517
18519
18520
18521
18524
18525
18526
18532
18535
18541
18545
18546
18548
18552
18554
18556
18561
18562
18563
18564
18565
18571
18572
18578
18583
18589
18590
18593
18595
18600
18602
18607
18608
18610
18612
18615
18617
18619
18622
18630
18631
18633
18637
18643
18646
18647
18650
18652
18654
18659
18662
18664
18665
18672
18676
18677
18687
18690
18695
18696
18697
18699
18700
18706
18708
18710
18713
18715
18716
18719
18720
18724
18726
18728
18733
18738
18740
18742
18744
18746
18748
18750
18752
18760
18768
18771
18772
18777
18783
18789
18790
18805
18807
18809
18815
18817
18823
18826
18836
18839
18842
18845
18846
18849
18852
18856
18860
18861
18864
18867
18869
18870
18871
18873
18874
18878
18884
18885
18891
18893
18896
18898
18900
18902
18904
18912
18914
18915
18917
18920
18922
18924
18925
18926
18930
18933
18938
18941
18943
18946
18950
18952
18953
18955
18957
18958
18961
18967
18970
18972
18975
18976
18977
18979
18982
18983
18984
18985
18989
18991
18994
18997
19005
19007
19009
19010
19014
19015
19017
19021
19027
19031
19035
19036
19037
19039
19048
19049
19052
19053
19059
19060
19063
19064
19069
19080
19083
19087
19089
19090
19094
19097
19098
19105
19106
19107
19109
19113
19117
19123
19124
19128
19130
19131
19135
19137
19140
19146
19152
19155
19162
19163
19165
19168
19171
19172
19173
19174
19175
19176
19178
19183
19184
19185
19187
19190
19192
19195
19201
19202
19204
19207
19210
19214
19216
19218
19221
19222
19227
19228
19231
19235
19236
19237
19238
19240
19244
19256
19259
19266
19268
19272
19282
19285
19290
19291
19292
19294
19295
19296
19302
19310
19311
19313
19314
19315
19316
19319
19321
19322
19323
19328
19329
19332
19333
19334
19335
19337
19341
19345
19346
19350
19352
19353
19356
19360
19361
19363
19364
19365
19374
19377
19378
19379
19384
19389
19397
19404
19409
19419
19423
19426
19431
19434
19439
19442
19444
19445
19446
19452
19454
19460
19461
19468
19470
19471
19472
19477
19479
19480
19482
19483
19489
19490
19494
19495
19498
19500
19502
19504
19505
19509
19511
19512
19517
19520
19524
19525
19528
19530
19531
19534
19537
19539
19541
19542
19544
19546
19549
19555
19557
19558
19560
19562
19568
19569
19571
19573
19574
19575
19576
19577
19582
19583
19586
19589
19592
19601
19602
19605
19612
19613
19615
19620
19624
19627
19631
19632
19635
19637
19638
19647
19649
19651
19652
19653
19654
19657
19660
19663
19668
19671
19674
19676
19682
19683
19685
19687
19688
19692
19695
19697
19704
19709
19713
19715
19716
19717
19724
19732
19734
19738
19739
19740
19744
19747
19749
19751
19752
19753
19754
19761
19763
19766
19767
19773
19774
19784
19786
19790
19792
19793
19795
19796
19800
19805
19806
19809
19812
19814
19816
19827
19830
19835
19837
19841
19845
19848
19849
19852
19855
19860
19861
19862
19865
19866
19868
19874
19883
19886
19887
19893
19902
19905
19906
19909
19910
19915
19918
19921
19926
19927
19928
19929
19932
19935
19939
19940
19942
19949
19951
19956
19961
19962
19964
19974
19975
19979
19985
19990
19995
19999
20000
20002
20012
20017
20018
20021
20028
20032
20039
20041
20046
20048
20051
20053
20055
20060
20069
20072
20074
20076
20084
20085
20090
20091
20092
20108
20110
20112
20119
20123
20124
20132
20133
20143
20145
20147
20150
20154
20158
20159
20161
20165
20170
20171
20172
20173
20177
20179
20181
20184
20187
20203
20207
20208
20210
20211
20213
20215
20221
20224
20228
20231
20233
20241
20244
20249
20252
20255
20256
20258
20260
20265
20266
20269
20271
20272
20275
20277
20278
20281
20284
20288
20291
20293
20296
20304
20309
20314
20315
20318
20322
20324
20325
20327
20328
20332
20333
20334
20336
20340
20351
20355
20357
20359
20362
20368
20369
20375
20379
20381
20384
20385
20386
20387
20388
20390
20392
20393
20394
20396
20398
20399
20401
20408
20413
20416
20418
20419
20423
20424
20425
20427
20437
20442
20444
20446
20452
20458
20459
20463
20468
20469
20471
20474
20486
20489
20492
20494
20495
20497
20498
20502
20503
20504
20505
20513
20515
20516
20517
20518
20520
20522
20531
20544
20547
20550
20563
20566
20568
20569
20572
20573
20576
20577
20578
20580
20583
20584
20588
20590
20592
20595
20598
20599
20605
20606
20609
20611
20614
20616
20617
20620
20629
20634
20635
20640
20642
20646
20649
20652
20653
20657
20665
20668
20677
20679
20685
20690
20696
20697
20698
20700
20701
20703
20710
20711
20713
20714
20716
20720
20726
20727
20730
20733
20735
20737
20744
20746
20748
20750
20751
20752
20756
20758
20761
20763
20767
20778
20783
20785
20795
20798
20799
20815
20819
20822
20823
20824
20829
20830
20831
20832
20836
20844
20858
20860
20861
20863
20865
20867
20871
20878
20880
20883
20884
20889
20891
20893
20894
20901
20902
20903
20909
20910
20916
20921
20922
20926
20929
20930
20932
20933
20936
20937
20938
20943
20948
20951
20953
20958
20959
20960
20961
20962
20964
20966
20968
20970
20971
20982
20983
20984
20985
20991
20993
20995
20996
20997
21000
21010
21011
21012
21013
21014
21017
21020
21021
21036
21040
21044
21053
21056
21057
21058
21064
21065
21068
21073
21075
21081
21084
21093
21096
21098
21105
21107
21109
21111
21112
21114
21119
21123
21126
21127
21128
21129
21133
21137
21139
21140
21141
21143
21144
21146
21147
21153
21154
21160
21164
21170
21172
21173
21177
21181
21186
21191
21192
21193
21195
21196
21197
21198
21200
21203
21207
21212
21213
21217
21218
21222
21225
21226
21227
21243
21244
21246
21247
21248
21249
21258
21260
21262
21268
21270
21276
21277
21279
21281
21284
21291
21292
21293
21298
21302
21304
21314
21316
21317
21318
21320
21323
21325
21331
21332
21343
21346
21356
21358
21361
21365
21371
21375
21376
21380
21389
21391
21394
21397
21399
21401
21402
21403
21404
21406
21408
21414
21415
21417
21420
21422
21423
21427
21428
21433
21437
21438
21439
21440
21441
21443
21444
21445
21447
21453
21454
21457
21459
21466
21471
21472
21474
21475
21479
21481
21484
21486
21492
21493
21504
21505
21506
21507
21508
21509
21510
21512
21514
21516
21520
21523
21526
21527
21529
21530
21531
21533
21534
21535
21544
21548
21554
21555
21556
21565
21566
21570
21571
21574
21576
21580
21583
21584
21585
21593
21594
21595
21602
21605
21608
21609
21612
21614
21615
21616
21621
21622
21629
21632
21634
21635
21637
21644
21645
21647
21650
21651
21653
21654
21658
21660
21661
21662
21663
21664
21666
21668
21669
21670
21671
21673
21677
21680
21681
21684
21685
21691
21692
21696
21698
21701
21702
21710
21713
21714
21716
21717
21724
21729
21732
21733
21734
21737
21740
21752
21756
21759
21763
21765
21775
21781
21782
21784
21791
21792
21794
21795
21796
21800
21802
21804
21817
21822
21825
21832
21838
21842
21844
21855
21856
21857
21859
21860
21864
21869
21871
21876
21878
21881
21886
21888
21889
21891
21899
21904
21912
21914
21916
21922
21925
21935
21938
21939
21940
21941
21944
21952
21955
21957
21966
21969
21971
21975
21977
21981
21983
21984
21985
21993
21996
21998
21999
22005
22007
22009
22015
22021
22028
22029
22031
22032
22042
22047
22048
22051
22054
22064
22065
22068
22073
22076
22079
22080
22081
22085
22089
22092
22094
22097
22100
22105
22112
22115
22117
22122
22125
22130
22134
22135
22136
22141
22143
22148
22156
22157
22159
22160
22168
22177
22183
22184
22188
22189
22190
22194
22197
22198
22207
22211
22213
22217
22220
22221
22223
22229
22231
22237
22238
22241
22242
22244
22247
22250
22261
22267
22270
22273
22275
22278
22281
22282
22284
22285
22289
22296
22306
22310
22311
22313
22322
22325
22326
22330
22334
22336
22339
22347
22348
22352
22356
22357
22359
22361
22363
22364
22369
22371
22372
22380
22382
22391
22394
22395
22397
22400
22403
22406
22416
22417
22420
22425
22430
22434
22440
22444
22446
22449
22455
22464
22471
22472
22475
22476
22479
22480
22483
22487
22490
22496
22497
22499
22503
22507
22510
22511
22512
22514
22515
22516
22519
22520
22522
22525
22527
22532
22535
22542
22547
22552
22554
22555
22558
22559
22560
22564
22565
22570
22572
22575
22577
22580
22581
22584
22585
22588
22593
22596
22601
22609
22610
22611
22617
22625
22627
22629
22631
22633
22634
22636
22640
22644
22645
22646
22649
22650
22651
22657
22658
22662
22663
22664
22666
22670
22671
22673
22676
22679
22683
22684
22688
22692
22693
22698
22700
22702
22707
22712
22714
22723
22725
22727
22729
22733
22738
22739
22740
22741
22745
22749
22753
22754
22756
22763
22765
22767
22771
22774
22776
22777
22779
22781
22784
22785
22793
22794
22799
22800
22801
22802
22804
22805
22811
22813
22815
22816
22819
22820
22823
22828
22830
22839
22848
22851
22852
22853
22854
22858
22864
22865
22867
22869
22878
22880
22882
22885
22888
22890
22891
22893
22895
22897
22900
22901
22904
22906
22907
22921
22923
22931
22934
22941
22949
22950
22951
22954
22957
22960
22967
22972
22973
22979
22984
22986
22989
22991
22992
22994
23004
23006
23008
23009
23010
23012
23013
23016
23018
23021
23023
23026
23034
23039
23042
23045
23047
23054
23057
23062
23064
23071
23081
23082
23084
23097
23098
23100
23107
23112
23116
23121
23122
23124
23126
23129
23131
23133
23135
23138
23141
23143
23146
23147
23150
23154
23156
23157
23158
23168
23182
23184
23185
23187
23193
23198
23201
23202
23207
23209
23214
23222
23224
23244
23246
23248
23251
23252
23257
23261
23266
23270
23272
23273
23276
23277
23283
23284
23285
23286
23290
23293
23294
23295
23297
23299
23302
23309
23310
23315
23316
23317
23321
23322
23323
23325
23327
23328
23329
23330
23334
23335
23337
23339
23341
23343
23346
23347
23348
23351
23356
23358
23359
23363
23364
23366
23369
23370
23373
23375
23377
23380
23381
23382
23384
23388
23392
23393
23398
23399
23402
23403
23405
23414
23415
23418
23419
23420
23424
23430
23431
23436
23437
23439
23440
23441
23444
23445
23449
23450
23465
23469
23470
23471
23472
23477
23479
23485
23487
23493
23501
23502
23503
23504
23508
23522
23524
23528
23529
23530
23531
23532
23533
23535
23540
23543
23545
23549
23551
23553
23556
23564
23565
23566
23568
23577
23580
23584
23586
23595
23599
23602
23603
23605
23608
23609
23612
23613
23615
23618
23619
23622
23624
23626
23628
23634
23636
23637
23638
23639
23640
23642
23643
23649
23659
23663
23666
23667
23672
23680
23691
23694
23695
23696
23697
23699
23703
23711
23714
23725
23728
23730
23731
23734
23741
23745
23746
23748
23751
23753
23756
23757
23760
23761
23764
23765
23766
23767
23775
23781
23782
23784
23785
23792
23797
23800
23803
23804
23807
23813
23814
23815
23816
23818
23821
23822
23824
23828
23829
23832
23836
23838
23841
23842
23848
23857
23860
23869
23870
23873
23875
23876
23880
23884
23885
23886
23887
23892
23901
23902
23903
23914
23917
23918
23919
23924
23928
23935
23938
23942
23946
23950
23951
23960
23961
23963
23964
23968
23969
23970
23972
23973
23979
23984
23986
23990
23991
23992
23993
24001
24006
24009
24012
24016
24017
24018
24020
24024
24025
24027
24031
24032
24033
24037
24039
24042
24046
24049
24051
24053
24056
24058
24059
24075
24084
24087
24088
24091
24098
24100
24109
24111
24127
24128
24133
24135
24140
24141
24147
24148
24154
24155
24159
24160
24165
24167
24178
24179
24180
24181
24190
24194
24195
24197
24198
24202
24204
24206
24210
24212
24221
24228
24232
24238
24241
24245
24250
24256
24258
24259
24261
24264
24267
24268
24269
24278
24279
24281
24285
24291
24292
24293
24296
24297
24299
24303
24307
24310
24311
24314
24317
24322
24329
24330
24332
24333
24337
24339
24341
24342
24343
24345
24352
24353
24356
24357
24367
24371
24377
24378
24380
24381
24383
24385
24387
24389
24396
24400
24402
24403
24410
24414
24417
24421
24422
24424
24428
24431
24436
24440
24445
24446
24447
24448
24452
24454
24455
24458
24459
24460
24461
24464
24465
24466
24471
24474
24485
24488
24489
24493
24494
24497
24500
24501
24504
24507
24513
24514
24517
24524
24525
24528
24529
24530
24534
24536
24538
24541
24543
24546
24550
24551
24558
24562
24567
24570
24571
24579
24582
24583
24586
24588
24591
24595
24596
24601
24606
24607
24615
24621
24631
24634
24641
24643
24658
24660
24661
24662
24663
24664
24666
24672
24674
24677
24686
24688
24693
24694
24701
24703
24706
24708
24709
24711
24715
24717
24718
24722
24736
24741
24742
24748
24750
24753
24756
24758
24760
24761
24763
24772
24774
24778
24782
24786
24787
24790
24796
24798
24800
24801
24802
24804
24806
24810
24817
24818
24819
24821
24823
24827
24829
24830
24831
24836
24842
24843
24850
24854
24855
24856
24857
24861
24865
24876
24885
24886
24887
24891
24894
24898
24902
24914
24916
24922
24925
24927
24928
24932
24940
24942
24946
24951
24967
24971
24972
24974
24976
24978
24981
24989
24994
24997
25000
25005
25011
25020
25021
25027
25029
25038
25046
25047
25053
25064
25067
25069
25072
25078
25084
25092
25097
25099
25100
25103
25110
25112
25115
25121
25124
25125
25126
25128
25131
25133
25135
25140
25148
25149
25153
25154
25155
25166
25170
25171
25173
25179
25181
25186
25192
25196
25197
25199
25201
25207
25214
25219
25222
25223
25228
25230
25240
25243
25246
25248
25250
25255
25256
25258
25261
25263
25264
25265
25277
25278
25284
25287
25288
25289
25292
25293
25294
25296
25299
25301
25303
25304
25305
25308
25310
25314
25316
25321
25325
25326
25328
25329
25330
25332
25333
25334
25336
25337
25338
25344
25345
25346
25354
25355
25357
25359
25360
25363
25366
25369
25375
25380
25392
25397
25399
25403
25404
25408
25411
25413
25420
25425
25427
25429
25432
25433
25435
25438
25441
25448
25449
25451
25456
25458
25460
25467
25472
25476
25478
25483
25491
25492
25495
25496
25498
25499
25500
25501
25504
25506
25509
25511
25521
25527
25531
25534
25538
25540
25542
25549
25558
25561
25562
25567
25571
25573
25576
25579
25580
25582
25583
25585
25587
25589
25598
25601
25603
25605
25606
25609
25610
25613
25614
25617
25621
25623
25625
25630
25631
25638
25639
25640
25653
25660
25662
25668
25669
25670
25673
25674
25677
25679
25684
25685
25687
25692
25698
25700
25703
25705
25707
25715
25717
25721
25729
25733
25736
25737
25738
25743
25745
25746
25747
25751
25753
25758
25760
25762
25766
25773
25774
25776
25782
25785
25790
25798
25799
25808
25811
25813
25826
25832
25837
25840
25843
25849
25854
25855
25860
25862
25865
25866
25870
25872
25873
25875
25876
25877
25879
25885
25886
25891
25892
25893
25896
25898
25902
25904
25906
25909
25911
25913
25914
25918
25920
25921
25926
25927
25928
25934
25936
25938
25944
25945
25947
25955
25957
25960
25969
25971
25973
25980
25987
25989
25991
25996
25997
26000
26020
26021
26025
26030
26032
26037
26038
26040
26044
26046
26052
26054
26055
26058
26059
26064
26070
26079
26087
26088
26091
26095
26097
26101
26102
26113
26116
26120
26121
26125
26126
26136
26137
26138
26139
26143
26149
26150
26151
26155
26157
26161
26164
26171
26173
26181
26183
26186
26188
26189
26191
26198
26208
26209
26211
26215
26218
26224
26227
26232
26233
26240
26241
26245
26246
26249
26252
26253
26259
26261
26263
26265
26275
26277
26278
26289
26290
26294
26296
26298
26301
26305
26306
26307
26308
26312
26318
26321
26324
26325
26331
26334
26335
26337
26338
26345
26347
26348
26356
26364
26366
26368
26369
26372
26381
26382
26384
26388
26391
26394
26395
26408
26410
26413
26415
26417
26423
26424
26425
26426
26428
26430
26433
26434
26435
26436
26437
26439
26440
26441
26442
26443
26447
26451
26461
26466
26468
26472
26474
26476
26478
26486
26489
26490
26491
26492
26497
26498
26499
26505
26510
26511
26512
26514
26519
26525
26526
26529
26531
26538
26542
26544
26545
26549
26551
26552
26556
26558
26559
26560
26561
26563
26572
26575
26580
26581
26583
26588
26589
26592
26595
26596
26597
26604
26608
26609
26614
26615
26620
26625
26632
26637
26643
26648
26651
26655
26657
26658
26659
26660
26674
26676
26678
26683
26689
26690
26693
26694
26697
26698
26700
26701
26717
26722
26724
26730
26735
26736
26742
26743
26747
26748
26754
26755
26759
26760
26762
26764
26765
26769
26770
26779
26780
26787
26788
26789
26790
26792
26794
26797
26798
26802
26803
26804
26810
26818
26823
26826
26830
26835
26843
26844
26845
26846
26859
26860
26865
26868
26872
26878
26880
26882
26883
26884
26885
26890
26893
26894
26895
26900
26901
26903
26905
26907
26910
26911
26918
26921
26924
26925
26928
26929
26931
26933
26934
26940
26944
26949
26953
26956
26960
26961
26963
26964
26965
26967
26968
26969
26972
26973
26976
26977
26978
26979
26993
26994
26998
26999
27000
27002
27005
27010
27012
27015
27017
27018
27020
27027
27032
27033
27034
27042
27043
27049
27051
27055
27056
27058
27060
27061
27063
27064
27071
27076
27078
27080
27081
27082
27084
27090
27091
27094
27095
27103
27116
27119
27121
27129
27130
27136
27138
27145
27151
27158
27160
27163
27168
27169
27173
27174
27175
27176
27177
27184
27185
27186
27189
27194
27196
27199
27202
27204
27205
27208
27216
27223
27226
27227
27228
27229
27230
27232
27233
27240
27250
27253
27257
27264
27265
27266
27267
27272
27277
27287
27289
27293
27294
27300
27305
27312
27313
27318
27319
27321
27324
27326
27328
27333
27335
27337
27340
27342
27345
27348
27351
27352
27353
27356
27359
27362
27363
27368
27372
27375
27376
27379
27380
27381
27385
27391
27392
27398
27403
27405
27406
27407
27409
27410
27411
27415
27417
27424
27431
27433
27434
27435
27437
27438
27439
27443
27449
27450
27453
27454
27458
27462
27466
27469
27471
27472
27478
27479
27481
27483
27484
27486
27487
27488
27491
27493
27499
27501
27503
27504
27510
27511
27513
27517
27518
27522
27531
27533
27534
27537
27541
27550
27553
27556
27563
27568
27571
27575
27585
27586
27590
27593
27594
27596
27597
27600
27603
27607
27609
27612
27614
27615
27616
27620
27621
27622
27630
27632
27633
27636
27639
27642
27643
27644
27645
27648
27652
27656
27663
27664
27667
27675
27680
27681
27682
27687
27689
27696
27697
27698
27703
27706
27715
27716
27717
27719
27727
27733
27734
27737
27743
27748
27749
27750
27752
27754
27755
27757
27760
27764
27766
27770
27771
27775
27782
27785
27797
27800
27803
27804
27805
27806
27807
27812
27814
27815
27819
27826
27828
27833
27836
27837
27838
27843
27844
27847
27849
27865
27866
27875
27890
27893
27895
27900
27901
27903
27907
27910
27911
27914
27915
27916
27920
27921
27922
27925
27926
27927
27930
27932
27933
27935
27939
27940
27943
27948
27950
27953
27955
27956
27964
27965
27970
27976
27977
27984
27988
27996
27997
28000
28003
28004
28012
28014
28020
28025
28031
28032
28042
28047
28048
28049
28051
28061
28062
28063
28066
28070
28071
28072
28081
28085
28088
28089
28094
28096
28099
28105
28111
28112
28126
28129
28134
28148
28154
28157
28160
28161
28164
28165
28169
28170
28172
28175
28176
28177
28182
28191
28199
28206
28207
28210
28220
28221
28222
28226
28228
28241
28246
28247
28249
28250
28251
28255
28263
28266
28267
28269
28270
28272
28274
28275
28278
28282
28290
28292
28293
28294
28297
28304
28311
28313
28314
28315
28322
28323
28325
28327
28328
28330
28331
28336
28341
28342
28349
28350
28352
28355
28358
28360
28361
28365
28366
28371
28372
28375
28378
28381
28383
28385
28387
28388
28390
28395
28396
28399
28400
28401
28402
28409
28410
28412
28417
28419
28423
28424
28430
28431
28433
28434
28435
28439
28440
28442
28445
28446
28447
28448
28450
28453
28454
28457
28460
28461
28465
28468
28476
28482
28485
28489
28492
28497
28502
28505
28508
28511
28512
28515
28516
28517
28529
28530
28535
28537
28539
28541
28543
28545
28548
28556
28568
28569
28575
28578
28579
28582
28583
28584
28586
28587
28592
28593
28595
28599
28600
28602
28616
28617
28627
28635
28636
28639
28643
28644
28645
28646
28647
28654
28655
28658
28661
28663
28666
28667
28669
28672
28676
28677
28682
28684
28685
28686
28687
28690
28692
28696
28699
28701
28702
28704
28710
28712
28715
28721
28726
28729
28733
28735
28736
28737
28740
28741
28744
28746
28750
28751
28753
28759
28763
28764
28766
28768
28771
28772
28773
28777
28779
28793
28798
28800
28801
28805
28807
28809
28811
28817
28819
28820
28821
28822
28824
28829
28835
28836
28838
28840
28845
28847
28848
28849
28856
28857
28858
28860
28866
28870
28871
28873
28875
28877
28880
28882
28883
28891
28896
28901
28905
28914
28918
28924
28925
28927
28931
28934
28939
28941
28958
28959
28961
28964
28968
28972
28973
28974
28980
28988
28991
28998
29001
29002
29009
29010
29012
29017
29025
29028
29029
29033
29040
29042
29045
29048
29049
29051
29057
29058
29060
29063
29064
29067
29068
29070
29084
29089
29090
29102
29114
29117
29119
29122
29125
29135
29140
29143
29146
29148
29152
29159
29164
29170
29174
29177
29178
29183
29188
29189
29196
29198
29202
29207
29208
29212
29219
29220
29224
29225
29229
29231
29233
29234
29235
29236
29240
29247
29250
29252
29253
29254
29257
29258
29259
29261
29264
29268
29270
29281
29283
29292
29293
29294
29295
29297
29299
29301
29306
29310
29314
29317
29318
29321
29322
29324
29326
29327
29329
29330
29337
29338
29342
29343
29346
29352
29353
29371
29374
29375
29377
29380
29381
29386
29390
29393
29400
29407
29408
29410
29412
29415
29417
29418
29419
29420
29426
29428
29430
29435
29437
29452
29456
29460
29462
29466
29467
29468
29474
29478
29479
29485
29487
29490
29491
29493
29496
29497
29499
29507
29509
29512
29516
29519
29520
29522
29523
29525
29528
29533
29535
29536
29538
29541
29550
29554
29557
29563
29565
29566
29568
29570
29574
29580
29581
29589
29590
29592
29594
29596
29598
29601
29606
29607
29608
29610
29612
29615
29616
29626
29628
29633
29637
29639
29640
29643
29647
29650
29651
29653
29655
29657
29664
29665
29666
29672
29673
29677
29681
29684
29685
29686
29687
29692
29699
29701
29704
29705
29708
29712
29720
29722
29723
29724
29725
29728
29731
29732
29733
29736
29741
29747
29749
29752
29753
29754
29756
29758
29760
29761
29763
29765
29766
29769
29771
29773
29774
29776
29777
29778
29779
29780
29782
29787
29788
29789
29797
29799
29801
29808
29810
29812
29813
29815
29819
29822
29826
29827
29839
29840
29841
29842
29844
29847
29851
29855
29860
29861
29867
29870
29872
29877
29878
29879
29881
29883
29889
29890
29892
29895
29896
29897
29905
29909
29910
29911
29916
29917
29918
29928
29935
29936
29937
29946
29948
29949
29950
29958
29959
29962
29966
29967
29968
29970
29972
29979
29981
29995
29997
30002
30017
30020
30022
30024
30029
30031
30033
30034
30035
30037
30038
30039
30042
30047
30052
30053
30054
30056
30057
30058
30069
30075
30076
30077
30080
30088
30092
30093
30094
30105
30108
30111
30112
30113
30115
30118
30119
30120
30124
30126
30128
30132
30139
30144
30145
30147
30150
30152
30153
30157
30159
30160
30161
30166
30167
30174
30175
30177
30178
30179
30183
30185
30189
30191
30197
30200
30204
30205
30207
30211
30212
30213
30215
30217
30220
30231
30236
30238
30242
30246
30248
30255
30259
30260
30261
30262
30263
30267
30271
30277
30278
30282
30296
30298
30301
30307
30312
30313
30314
30315
30317
30318
30320
30323
30324
30325
30327
30335
30349
30357
30360
30362
30365
30371
30375
30378
30380
30381
30383
30384
30386
30389
30390
30392
30399
30403
30410
30421
30422
30431
30432
30436
30445
30453
30454
30455
30456
30457
30467
30473
30474
30478
30479
30480
30482
30496
30497
30507
30509
30510
30513
30518
30519
30522
30524
30526
30528
30533
30534
30536
30538
30541
30544
30545
30546
30547
30549
30554
30557
30559
30560
30561
30562
30565
30566
30569
30570
30574
30577
30578
30581
30582
30583
30586
30587
30597
30598
30599
30601
30603
30609
30613
30614
30624
30625
30626
30629
30631
30633
30635
30637
30638
30641
30648
30651
30652
30653
30658
30660
30661
30664
30666
30668
30669
30674
30675
30678
30680
30681
30682
30688
30689
30690
30691
30694
30695
30697
30701
30707
30711
30725
30728
30730
30733
30738
30754
30756
30761
30763
30764
30765
30766
30768
30770
30771
30773
30774
30777
30780
30783
30784
30792
30793
30795
30797
30802
30808
30811
30812
30813
30814
30815
30816
30819
30823
30825
30826
30832
30835
30836
30840
30841
30843
30844
30845
30846
30848
30852
30853
30857
30860
30863
30864
30867
30868
30870
30873
30875
30878
30882
30883
30884
30888
30891
30894
30895
30896
30897
30900
30901
30904
30905
30906
30909
30910
30911
30913
30914
30920
30923
30924
30926
30932
30933
30936
30938
30940
30942
30943
30948
30949
30956
30958
30960
30963
30965
30968
30969
30973
30975
30981
30982
30983
30984
30985
30988
30989
30990
30998
31000
31004
31008
31016
31041
31043
31045
31049
31050
31060
31070
31071
31073
31082
31087
31088
31090
31098
31099
31105
31107
31109
31110
31111
31113
31119
31124
31132
31133
31135
31138
31143
31148
31149
31150
31153
31163
31166
31170
31171
31174
31175
31176
31177
31187
31192
31193
31195
31208
31209
31214
31215
31216
31218
31219
31222
31226
31227
31228
31230
31231
31232
31238
31240
31242
31244
31249
31251
31257
31259
31262
31263
31264
31267
31268
31273
31276
31277
31280
31283
31284
31287
31289
31290
31291
31306
31307
31308
31309
31322
31327
31329
31331
31332
31334
31337
31338
31343
31344
31345
31347
31353
31355
31358
31359
31360
31363
31364
31367
31369
31370
31376
31382
31388
31391
31395
31396
31407
31408
31411
31414
31415
31416
31423
31424
31427
31429
31431
31437
31441
31442
31444
31445
31450
31451
31455
31456
31458
31464
31465
31466
31472
31476
31478
31482
31487
31490
31491
31492
31493
31495
31498
31499
31501
31504
31506
31509
31510
31511
31512
31516
31519
31522
31523
31531
31532
31535
31539
31540
31541
31552
31563
31565
31570
31572
31577
31581
31582
31583
31586
31593
31595
31597
31598
31599
31600
31601
31603
31608
31609
31610
31616
31617
31623
31624
31626
31633
31635
31638
31645
31646
31647
31648
31651
31654
31655
31656
31666
31667
31668
31673
31674
31680
31681
31682
31687
31690
31691
31697
31698
31707
31710
31717
31718
31719
31720
31721
31726
31727
31734
31736
31737
31743
31750
31751
31752
31753
31755
31756
31763
31766
31772
31777
31782
31783
31788
31790
31795
31797
31798
31799
31807
31808
31812
31817
31822
31824
31826
31827
31828
31832
31840
31841
31843
31849
31851
31852
31853
31857
31858
31864
31867
31870
31871
31875
31876
31879
31881
31883
31890
31899
31900
31904
31906
31908
31919
31920
31922
31925
31926
31927
31929
31930
31931
31940
31942
31947
31949
31951
31956
31957
31960
31963
31967
31974
31981
31988
31991
31992
31997
32000
32001
32002
32008
32009
32010
32012
32015
32018
32019
32025
32028
32029
32035
32037
32041
32042
32043
32045
32047
32057
32061
32065
32067
32069
32070
32073
32078
32079
32080
32085
32086
32088
32089
32094
32095
32096
32098
32099
32103
32105
32106
32114
32115
32116
32118
32123
32128
32131
32132
32133
32141
32142
32143
32144
32146
32147
32155
32156
32157
32158
32159
32165
32166
32167
32171
32172
32175
32179
32181
32184
32188
32189
32193
32194
32195
32200
32201
32203
32208
32218
32220
32223
32227
32229
32230
32232
32237
32239
32240
32243
32246
32249
32254
32255
32256
32257
32259
32261
32265
32268
32272
32273
32283
32294
32297
32302
32303
32312
32314
32318
32325
32333
32335
32337
32340
32349
32356
32360
32362
32363
32364
32365
32367
32373
32374
32375
32381
32394
32397
32400
32406
32407
32412
32415
32418
32422
32423
32425
32427
32429
32430
32433
32434
32436
32438
32444
32449
32452
32453
32455
32457
32472
32476
32477
32479
32480
32481
32485
32491
32493
32499
32500
32502
32504
32507
32509
32511
32513
32515
32519
32521
32522
32526
32527
32529
32531
32533
32534
32535
32538
32541
32544
32546
32548
32553
32560
32562
32566
32567
32568
32570
32575
32576
32593
32596
32597
32598
32600
32610
32613
32614
32616
32620
32621
32626
32627
32632
32639
32641
32642
32643
32644
32647
32649
32651
32653
32657
32658
32660
32662
32664
32674
32682
32683
32686
32688
32693
32695
32696
32697
32699
32702
32703
32708
32709
32713
32718
32722
32724
32725
32727
32731
32734
32738
32742
32749
32750
32752
32753
32757
32760
32761
32763
32766
479
0
1
2
3
4
5
6
7
8
9
10
11
12
13
14
15
16
17
18
19
20
21
22
23
24
25
26
27
28
29
30
31
32
33
34
35
36
37
38
39
40
41
42
43
44
45
46
47
48
49
50
51
52
53
54
55
56
57
58
59
60
61
62
63
64
65
66
67
68
69
70
71
72
73
74
75
76
77
78
79
80
81
82
83
84
85
86
87
88
89
90
91
92
93
94
95
96
97
98
99
100
101
102
103
104
105
106
107
108
109
110
111
112
113
114
115
116
117
118
119
120
121
122
123
124
125
126
127
128
129
130
131
132
133
134
135
136
137
138
139
140
141
142
143
144
145
146
147
148
149
150
151
152
153
154
155
156
157
158
159
160
161
162
163
164
165
166
167
168
169
170
171
172
173
174
175
176
177
178
179
180
181
182
183
184
185
186
187
188
189
190
191
192
193
194
195
196
197
198
199
200
201
202
203
204
205
206
207
208
209
210
211
212
213
214
215
216
217
218
219
220
221
222
223
224
225
226
227
228
229
230
231
232
233
234
235
236
237
238
239
240
241
242
243
244
245
246
247
248
249
250
251
252
253
254
255
256
257
258
259
260
261
262
263
264
265
266
267
268
269
270
271
272
273
274
275
276
277
278
279
280
281
282
283
284
285
286
287
288
289
290
291
292
293
294
295
296
297
298
299
300
301
302
303
304
305
306
307
308
309
310
311
312
313
314
315
316
317
318
319
320
321
322
323
324
325
326
327
328
329
330
331
332
333
334
336
337
338
339
340
341
342
343
344
345
346
347
348
349
350
351
352
353
354
355
356
357
358
359
360
361
362
363
364
365
366
367
368
369
370
371
372
373
374
375
376
377
378
379
380
381
382
383
384
385
386
387
388
389
390
391
392
393
394
395
396
397
398
399
400
401
402
403
404
405
406
407
408
409
410
411
412
413
414
415
416
417
418
419
420
421
422
423
424
425
426
427
428
429
430
431
432
433
434
435
436
437
438
439
440
441
442
443
444
445
447
448
449
450
451
452
453
454
455
456
457
458
459
460
461
462
463
464
465
466
467
468
469
470
471
472
474
475
476
477
478
479
480
481
