1662
5
8
9
10
11
12
4109
8207
15
8208
16
8209
18
24
25
27
4126
30
31
32
4129
36
40
46
49
50
54
58
4156
60
61
62
63
64
66
67
69
70
71
75
77
8273
81
82
83
84
8279
87
89
92
94
95
97
99
100
101
105
106
8298
4210
119
122
124
4228
132
133
135
4234
139
141
143
144
145
146
152
154
156
161
165
167
168
169
171
173
178
8372
182
186
187
188
189
193
195
8395
8399
208
209
216
4314
4316
224
225
226
227
229
230
233
236
237
8431
240
241
242
247
248
8441
8442
8446
4352
256
257
4354
258
262
4358
265
4363
268
271
4375
286
289
4387
291
294
295
4392
4393
8489
297
299
300
302
305
306
8499
309
8505
313
4411
315
8510
8511
323
4423
328
4426
330
332
334
8528
337
4434
8530
345
8547
356
357
358
359
365
370
371
376
379
380
383
386
4488
394
396
398
404
405
406
407
409
411
412
413
414
4512
418
419
425
429
430
431
8624
437
8631
8633
8636
447
448
449
450
8644
453
454
455
8648
456
461
8656
465
467
468
8661
469
474
475
8668
476
477
478
479
483
486
489
4586
494
497
500
503
4601
505
510
4607
511
514
4612
516
4613
517
8710
518
519
521
8717
4622
529
530
531
533
534
536
8728
4634
538
539
541
543
4643
550
553
554
558
560
561
562
565
4662
566
569
570
576
577
578
581
582
583
584
588
592
597
598
4700
604
8803
614
616
617
618
619
620
621
622
623
8822
630
631
632
4730
635
8828
4736
640
643
644
645
4742
648
8843
651
654
660
8853
4759
663
667
668
670
671
680
686
687
688
689
696
697
701
702
703
706
709
712
8905
715
716
717
721
722
723
725
726
729
730
731
732
734
737
738
740
741
743
744
746
748
8941
749
752
753
755
757
758
759
8952
761
4859
764
4863
768
8962
770
771
8966
774
4872
780
781
782
784
785
786
8981
789
790
8987
797
799
800
4898
803
804
8998
806
807
9002
810
811
812
4910
815
4912
4916
820
821
823
826
9025
833
836
839
840
845
849
850
4951
856
858
9054
866
867
868
871
874
875
879
9071
9072
882
883
889
890
9085
895
896
897
899
904
908
909
911
9104
9105
913
914
915
918
919
920
921
922
924
926
927
9120
5025
929
934
5032
938
944
5042
946
5043
5044
950
952
953
957
9152
960
961
962
963
964
968
9164
5070
974
9168
976
977
979
980
982
9178
9180
988
5085
989
991
994
995
999
1000
1002
1007
5105
1010
1011
1012
1015
1016
5113
1019
5122
1026
5126
1031
9224
1033
1036
1037
5137
1041
1048
1049
1050
1052
1054
1055
1056
1061
1067
1068
9265
1074
1075
1076
5173
1080
9273
1082
5178
1083
1085
1092
1095
1096
1098
1099
1100
1105
1106
1110
1115
1118
1120
5218
1123
1128
1130
1134
1138
9333
1141
1142
1143
1145
9338
1156
1157
9350
1161
1164
9357
5261
1165
1166
1169
5266
1171
1172
1176
5273
1177
1178
1179
1181
1184
5281
9379
1191
9385
9387
5296
9392
5297
1201
1202
1204
9399
1207
1208
5317
9415
1224
9419
1227
1228
1229
1233
9426
1234
1236
9431
1240
1242
1243
1244
1245
5342
1246
1247
1251
1253
5351
1255
1256
1261
5358
1262
9455
1264
1266
1270
1272
9467
1276
9469
1278
1281
5378
1283
1294
9487
1297
9495
1305
1307
1308
9503
1313
9506
1314
1317
1318
5427
1331
5430
1334
1335
1336
1341
9535
1345
5443
1348
9543
1353
1355
1357
1360
1363
1367
9560
1368
5468
1375
1377
1378
9572
1381
1383
1384
1390
1391
1392
1399
5496
9599
1408
5507
1411
1413
1414
1416
1418
1420
1421
1423
1426
1429
1433
1434
1436
5533
1438
1439
5537
1442
1447
1449
5546
1450
1453
1460
1462
1470
9663
1471
1476
1478
9671
1479
1480
1483
5581
1485
1488
1489
9683
1491
1493
5593
1498
1503
5601
1506
1507
5605
1512
9705
5610
1515
1518
5614
9711
1521
1522
9717
5623
1527
9721
1529
9728
1536
5632
1538
9732
1541
9734
1543
1546
1547
1548
1551
1555
5653
1557
1558
1559
1561
1562
9755
1565
1566
1573
1574
1578
1579
9777
1586
1593
1596
1597
5695
1599
1601
5698
1603
5699
1605
1610
1611
1612
1613
1617
5714
9812
1620
1622
1625
1630
1631
1636
1637
1639
1641
1645
1647
1648
1649
1653
9846
1654
1657
1658
5755
1661
1666
5764
1669
1671
1672
5769
1675
1679
5776
1681
9876
1686
1688
1689
1696
1697
5794
5798
1703
1704
1706
9899
1708
1710
1711
1714
9907
5811
1715
5813
1717
1718
5815
1729
5826
9923
1737
9930
9931
1741
9935
1744
1745
1746
1748
1749
1751
1754
9948
1759
1760
9955
5860
1765
1766
1767
5864
1770
1771
5872
9970
5874
1779
9972
9976
1789
1790
5889
1795
9988
5892
1797
1800
1801
1802
1803
1806
1809
5907
5908
1813
1814
5919
1823
1824
1825
10019
1828
1830
1831
1832
1833
1834
10027
1835
5934
1839
1842
1845
5943
1847
5948
1855
1856
1857
1858
5956
1861
1863
1864
5963
1868
1869
1870
1872
1876
1877
1881
10074
1884
1890
1891
1892
1897
1898
1900
5997
6000
1904
10099
1908
10101
1910
10103
1912
1913
1914
1916
1917
1918
1921
1922
1928
1929
1934
10128
1938
1945
10139
1950
1954
10148
1957
1958
1959
1960
1961
1967
1969
1972
1973
1975
1976
1980
1983
1985
1986
1987
10180
1992
1996
2000
6098
2002
2004
2005
2007
2008
2009
2011
2012
2013
2014
6115
2019
2020
2024
2026
2027
6124
6126
2030
2031
10225
2033
2034
2038
10231
2050
2052
2054
2055
2056
2057
2058
2059
2061
2062
6159
2063
2064
2068
2072
2074
2075
2078
2080
2084
2087
10281
6186
2091
6190
2094
2097
6194
10290
10291
2102
2103
2104
6202
2108
2109
2111
6208
2116
2118
2119
2120
6218
2126
10321
2132
2138
2140
2141
2143
10339
10341
2149
2152
2153
2159
10352
2160
10353
10359
10360
2168
2169
2170
2172
2173
2174
2175
6273
2177
2180
2181
2182
2185
2186
6283
2193
2194
2200
2201
10394
10397
2206
2208
2210
2212
2215
10411
2219
2223
10417
2226
10419
2228
10421
10425
2233
2234
2237
2239
2240
2242
6339
10442
2253
2254
2256
6354
2261
2266
2267
2269
6369
2275
2277
6375
2279
2282
10476
2286
2287
2289
2290
10484
2293
2295
2298
2302
2304
2306
2307
10500
2308
2309
2311
6408
2312
2313
2314
2318
6416
2320
2321
2324
6421
2325
6422
2327
2328
2329
2331
2335
10527
2338
2339
10532
2341
2343
2344
2345
2346
2348
10541
2349
6449
2358
2360
2361
2362
2364
10558
6464
2368
2369
2376
2378
6476
2381
10574
2383
10577
2388
2390
2392
6489
2394
2395
2396
2397
2398
2402
6499
2404
2407
2408
2414
10610
2418
2421
2428
2432
2434
10627
6533
2437
2441
2444
2446
2447
6544
10641
2449
2450
2452
2453
2454
2456
2457
6555
2460
2461
2464
2465
2469
6567
2471
2473
6570
2474
2475
2476
2479
10673
2482
6579
2485
2486
2492
10685
10687
2496
6593
10689
2498
2501
2505
2508
2517
2518
10711
2520
10713
2525
2533
6631
2537
2540
2541
10736
2545
2546
2547
2551
6648
2554
2555
6652
2557
10751
2561
2563
2564
6661
2565
2568
2574
2578
10775
2583
2584
2585
10779
2587
2592
2594
2595
2596
6697
2601
2602
6704
2608
2609
2612
10805
2613
2615
2621
2624
10818
2629
2631
6733
2637
6734
2641
2647
10840
2649
10844
2652
10845
6753
2659
10852
10856
2665
10859
2667
2671
10865
2674
2676
2677
2679
2680
2686
2690
6793
10890
2699
2703
2705
10898
2707
2708
2709
6806
6807
2713
2714
10907
2717
2719
10913
2722
2724
2727
2732
2739
2743
10941
2752
2753
2754
2757
10952
2760
2763
10958
2766
2767
2768
2771
2772
2774
2776
2778
2783
2785
2787
6886
2790
2793
2799
2803
2806
11000
6907
2812
6911
2818
2822
2824
11018
2826
2828
2831
2832
2835
2836
2840
2841
2842
6940
11036
2847
2849
11042
6952
2857
2864
2866
6964
11060
2868
2869
6966
2870
2872
11067
2879
11072
2880
2881
6978
11076
2885
2886
2887
2888
2891
11084
2893
11090
2898
6995
2899
6996
2904
2906
2907
7004
2912
2916
2917
11110
2919
2920
11114
2922
11115
2924
2927
2928
2935
11128
2937
7038
2943
2945
2946
2950
2951
2953
7051
2956
11149
2961
11156
2968
2969
2970
2971
2973
2975
11171
2979
2980
11173
11174
2983
2987
2990
2993
2995
11188
2996
2999
3001
3003
3004
7103
3008
3009
3010
3017
3018
3019
3020
3024
3026
11220
7125
3029
11224
3032
3036
3037
3039
3040
3042
3043
3045
3047
3050
3052
3053
11247
3060
3061
3063
3064
11257
3065
3066
3067
3069
7167
3072
3074
7178
3086
3089
3096
3098
3100
3103
3104
3105
7202
11299
3108
3110
7208
3119
3122
3123
3124
3126
7227
3133
3139
7241
3190
3198
3203
7305
7319
3229
7326
3239
3254
7358
7367
3271
3297
3305
7411
3334
7440
7446
7451
3367
3371
3374
7487
7505
3410
7512
7515
7527
7533
3445
7549
7557
3475
3483
3485
3488
7595
7596
3513
7620
7634
3539
7645
7647
3553
3559
3564
7667
7672
3581
3589
3591
7689
7691
3597
3615
3617
7719
7724
3630
3634
3644
3647
3649
7747
7760
3667
7776
7778
7787
7788
3693
3727
7830
7838
7841
7871
3785
3786
3799
7917
3823
3832
7928
7953
7959
3870
3872
3905
3919
8018
3940
3950
8056
3988
8096
8099
8135
4047
8144
4053
8152
8163
4072
4088
4091
8187
148
0
1
2
3
4
5
6
7
8
9
10
11
14
15
16
17
18
19
20
21
22
23
24
26
29
30
31
32
33
34
35
36
37
40
42
43
44
45
46
47
48
49
50
51
52
53
55
57
58
59
60
61
62
63
64
65
66
67
68
69
75
76
77
78
79
80
81
82
83
84
87
88
89
90
91
92
93
94
95
96
97
101
102
103
104
105
106
107
108
109
110
111
112
114
116
117
118
119
120
121
122
123
124
125
127
130
131
132
133
134
135
136
137
138
139
140
145
146
147
148
149
150
151
152
153
154
155
159
160
161
162
163
164
165
166
167
168
172
173
174
175
176
177
178
179
180
181
184
