12688
0
1
32774
8
32776
32777
32780
32781
15
16
32784
32786
32787
32789
32792
25
27
28
32797
30
31
32
32800
32803
39
32808
32809
32812
45
32814
32817
50
32819
32820
53
32822
55
32823
56
32825
58
60
62
66
67
32835
72
32840
74
32843
75
32844
32845
79
82
83
88
32856
32863
96
32864
98
32866
32867
100
32868
102
32870
105
32874
32878
32882
32883
119
120
124
32895
131
133
32901
32902
136
32905
140
142
146
32916
32918
32922
32924
158
32926
32929
32930
163
32931
32932
165
32933
168
32939
32941
32943
32945
32946
180
181
32949
182
32951
184
32953
32954
187
32958
191
194
32963
32964
32965
197
32966
199
32970
203
32973
32978
32979
212
217
32986
32987
220
32988
32990
32991
226
32994
32996
32999
232
33000
233
33001
33005
239
240
33009
33010
33011
33013
33014
247
33015
33017
33018
252
33021
33022
254
33024
257
260
263
33031
264
33035
267
33036
268
269
270
33038
33040
33041
276
277
33045
33047
33048
33049
33050
283
33051
284
33052
33053
33054
290
291
33059
33060
294
33064
297
33066
302
33071
33072
33075
33076
310
33078
33079
33081
314
33082
33083
33084
33088
321
324
33093
33094
33095
328
329
331
334
33104
33105
33106
339
33107
33111
33112
345
33116
349
33117
350
33119
33120
354
33124
357
359
33127
363
365
33133
367
33136
369
33137
33138
371
33140
33141
374
375
377
378
33148
33149
33151
33152
386
390
33158
33159
394
33162
33163
396
397
398
33166
33167
399
33168
33169
402
33172
405
407
408
409
33178
33180
33184
419
33187
425
426
33196
33199
431
33201
434
33202
33207
440
441
33209
33215
448
33217
450
33218
452
33222
33226
33227
459
460
462
464
467
33235
33239
33240
33241
475
33243
480
33250
33251
485
33253
33254
33257
490
33258
492
33262
33263
33264
497
499
33267
500
501
33271
504
505
507
33275
509
33277
33278
511
512
514
515
517
33286
518
521
33289
522
33290
525
532
535
33303
538
539
541
33310
33311
33312
33314
547
549
550
33318
33319
552
33323
33325
33327
559
560
561
33329
562
33330
565
33333
33335
568
33336
570
33339
33340
33345
33348
582
583
33352
33353
586
33355
588
33357
33359
33360
33361
597
33365
598
600
33368
33369
602
33372
605
33373
606
607
33376
33377
610
33378
613
614
616
33385
33388
33390
625
626
33394
33398
631
33399
632
633
33401
635
33404
637
33405
33406
640
643
33411
645
648
33419
33421
654
33429
664
33433
668
33436
671
33440
673
674
33443
33444
678
679
33449
685
33453
687
33457
689
690
692
694
33462
33464
697
33465
700
702
703
33472
705
707
33475
708
709
710
711
33479
33482
33486
719
33487
724
727
33495
728
33497
33498
33499
732
33501
738
740
741
33509
742
743
33511
744
745
746
33514
747
748
33516
33517
33518
752
755
758
759
33527
760
33528
761
33529
762
33530
33532
765
766
767
769
33539
33540
33542
33543
778
33547
33549
786
33555
788
33556
789
33557
33559
793
33561
796
33566
33567
33569
33570
33573
33577
810
33580
33581
814
819
33589
823
33593
826
33594
827
33595
828
831
835
836
33604
33608
33609
33610
843
33612
846
848
33620
33621
33624
857
858
33626
861
33631
868
871
33640
33642
875
33644
33645
33647
880
33649
882
883
884
33652
33653
887
33656
33657
890
891
33660
33664
899
901
902
903
33673
906
33674
33675
908
33676
33679
912
33680
914
33685
33688
921
33689
922
33691
925
33693
927
33695
930
932
33701
936
33705
940
33708
941
942
33711
946
33715
949
952
955
33723
33725
958
33728
961
962
963
964
967
33735
969
33737
970
974
33742
33743
976
977
978
979
981
983
985
33753
986
991
33759
996
997
33767
1001
33770
1003
33773
33774
33777
33779
1012
1015
1017
33786
1021
1022
1023
33792
1025
1026
33796
1029
33797
1032
33801
1034
33803
1036
1037
1038
33807
1040
33810
1042
1044
1045
33814
1048
33816
1053
1054
1057
1059
1060
33828
33831
1064
1065
1069
1073
33841
33842
1075
33843
33847
33851
1084
33852
33856
33857
1089
33858
1091
33859
1092
1099
1100
33870
33871
1106
33875
1110
33878
33879
33880
1117
33885
33886
33887
33888
1121
33893
33896
33898
1131
1134
1136
33904
1137
33905
33908
1141
33909
33910
33911
33912
1147
33915
1148
1149
33917
1150
1152
1154
1156
33932
1166
33936
1168
1170
33938
1171
33939
33940
1173
33941
1174
33942
1177
33945
1179
33947
1180
33948
1181
1184
33953
33955
33956
1190
1193
33965
1199
33968
1203
1205
1206
33974
1209
1211
33980
1213
1217
1221
33989
1224
33992
1225
33993
33994
1229
33997
1230
1231
34002
1235
1236
34007
1241
34010
1243
34012
1249
34017
1250
34020
34022
1257
34025
34027
1261
34029
1262
1264
1266
34035
1270
1273
34041
1274
1275
1280
34048
34049
34054
1288
1290
34059
1292
34062
34063
34065
34066
34067
1300
34069
1302
34070
1303
1304
1305
1306
34074
1307
34076
34078
1311
1313
34081
1315
34084
34089
34090
34091
1325
34093
34095
1327
34096
34097
34098
1331
34100
1333
1335
1337
34106
1339
1341
1343
1344
1345
34113
34114
1348
34121
1354
34122
34124
1357
34125
34127
1360
1361
34130
34131
1366
34135
1368
34136
1369
34138
1372
1373
34141
1375
34143
1379
1381
1382
34150
34151
1384
34152
34153
34159
1393
1395
34163
1396
34165
1400
34168
1401
1409
1410
34180
1415
1416
34185
1418
34189
1425
1426
34194
1428
34196
1429
1430
34198
34200
1433
34201
1435
1436
34204
1438
1439
1440
34209
34212
34213
1447
1448
1449
34217
34218
1450
34219
1452
1454
34223
1457
34229
1464
34237
34238
34240
34241
1474
34244
34247
34249
34250
1484
34253
1486
34254
1488
34257
1490
1493
34261
1495
34263
1496
1497
1498
34267
1500
1503
34271
1505
1507
34275
34278
1511
1512
1513
34281
1514
34284
34286
34288
1521
34291
34294
1526
34297
1532
34300
1534
1536
34305
1538
1539
34307
1540
1541
34309
1542
1545
34314
34315
1548
34317
1551
1554
34323
1558
1559
34327
34330
1563
34331
34334
1567
34335
34336
1570
1571
34339
34345
34346
34347
1580
34349
1582
34352
34353
1586
34354
1588
1592
34360
34362
34363
34366
1598
34367
1601
1602
34371
1604
34372
1605
34374
1607
34377
34381
1613
1614
34384
34386
34387
34391
1624
34392
34394
1627
34395
1628
34396
34397
34398
1631
34400
1632
1633
1634
1635
34403
34405
1638
1640
34408
1642
34411
34413
1646
34415
1649
34420
1655
1656
1659
34430
34431
1664
34432
1665
1666
34434
1667
34436
34437
34439
1672
34440
34442
34446
1681
34452
1684
1685
34453
34454
34455
1688
34456
1690
34458
34460
34462
34464
1697
1698
1699
34473
1706
34474
1709
34478
1713
1720
1722
1723
34491
1724
34492
34493
34497
34499
1732
34500
34501
1734
1736
1738
34507
34509
34510
1744
34513
34514
34515
34523
1756
1761
34533
1766
34534
1767
34535
1768
1770
34540
34543
34544
1777
34545
1780
34548
1782
1786
1788
1789
34557
34558
34559
1792
34560
1793
34561
34564
34565
1801
1802
34571
34572
34573
34574
1810
34579
34581
1813
1816
1820
34588
34589
1822
1825
34595
1827
34596
1829
34597
1830
34601
1834
1835
1837
34605
34607
34612
34613
1849
1853
34622
1856
34624
34626
1859
1860
34628
1861
1862
34630
34632
1865
34636
34637
34638
34640
1874
34643
34644
34645
1877
1878
1880
1881
34649
1884
34652
34655
1888
34657
34658
1892
34660
1893
34661
34662
34664
1897
34665
1898
1901
1902
34670
34672
34673
1905
34674
34675
34677
1910
1912
34681
34683
1916
34684
34686
1920
34691
1925
1926
34696
34703
1936
1938
34707
1940
1941
1943
34713
1946
1947
1950
34718
34719
1951
34720
34721
34722
34723
1956
1959
34729
34730
34731
1968
1969
1972
34741
1976
1977
1979
34747
34749
34750
1982
1984
34754
34755
1988
1991
1992
34761
34762
34763
34765
34769
2002
34770
2003
34771
2005
2007
34777
34778
2012
2013
2014
34783
34785
34786
34787
2021
34790
34791
34792
34793
2027
34799
34800
34801
2034
2036
34805
2038
34806
2039
34808
34810
2044
34814
34818
2050
2052
2053
34822
34824
34827
2060
2063
2065
34836
2070
2073
34841
34844
2077
2079
2082
34850
2083
2084
34852
2086
34854
2087
34856
2089
34858
2091
2094
34867
34870
2104
2106
2109
2110
34879
34880
2113
2114
34882
2115
34883
34884
2117
34887
2119
2123
34893
2126
2127
34896
34897
2131
34899
2133
34901
2134
34902
34904
34905
34906
34907
2140
2145
34913
34914
2148
2150
34918
34920
34921
2153
2154
34923
34924
2161
34929
2164
34933
34934
2167
34938
2171
34939
34941
2174
34942
2178
34947
34949
2181
2185
2187
2190
34960
2193
2196
34964
34968
2202
2203
2204
2206
34974
34975
2209
2210
34978
34980
34981
34984
34985
34986
2220
2222
34990
34991
2224
2226
34995
2230
34998
2231
2234
35003
2235
2236
35004
2237
2238
2241
2248
35016
2249
2250
35019
35020
35021
2254
35023
2256
35028
2263
2265
2268
35037
2272
35042
35043
2275
2276
2284
35053
35054
35056
2289
35058
35059
35061
2294
35062
2295
35064
2297
2298
35066
2301
2308
35077
35078
35079
35083
35084
2317
35087
2327
35095
35096
35097
2331
2332
35100
35102
2335
35103
35105
35106
2338
2340
35108
35109
2342
2343
2344
35113
2346
2347
2348
35116
2350
35118
35119
2352
35121
2355
2356
35125
2359
35127
35129
2364
35132
2366
2367
2368
2371
2372
35140
2374
35142
35143
2378
35146
2380
2382
2383
35152
2387
35156
2392
35161
2394
35162
35163
2396
35168
2402
35170
35172
35173
2406
2408
35178
35179
2412
35180
2413
2414
35182
2419
2420
35188
2421
2422
2426
35196
35197
35198
35201
2434
2435
35203
35204
35205
35207
2440
35209
35210
35211
35215
35216
35217
2450
2454
2455
2456
35224
2457
2460
35228
2462
2465
2466
2468
2469
35237
35238
35240
2473
2474
2475
35243
35245
35246
35247
2480
2483
2484
35254
2487
35256
35259
2492
2493
2494
35262
2499
2500
2502
2505
35275
2508
2509
35277
35282
35283
2516
35284
35285
2518
35287
35288
2522
2524
35297
2529
35298
35299
2533
35301
2535
35303
35304
2540
2542
35310
35311
35315
35323
2558
2562
35337
35338
2573
35342
2577
2579
35349
35355
2588
2589
2590
2591
35361
35366
35367
2601
35369
35370
2603
35371
35374
2607
2615
35387
2620
2621
2622
35392
2624
2625
2627
2629
2630
35398
35399
35404
35405
2638
35406
35408
2641
35410
2643
2646
2648
2649
2651
35421
2654
2656
2660
2667
2669
35438
35439
35440
2675
35446
2679
35447
2680
35448
2682
2684
2688
35456
35459
2692
2693
35463
35464
35466
35468
2701
35469
2705
2706
35474
2707
35476
2709
2710
2712
2715
35484
35485
35486
35488
35489
2721
2723
35492
2724
2726
2728
2729
35497
2731
35500
2735
2736
2737
35508
2741
2742
35510
35511
2744
35512
35514
2746
2747
2748
35516
35518
35519
35521
2755
2759
2760
35529
2762
35532
35533
2767
35538
2771
2772
2773
35541
2775
2776
2777
35548
35550
2783
2785
35554
2787
35556
35557
35558
2791
35564
2799
35567
35569
2803
2804
2807
35575
2808
35578
2811
35580
2814
35584
35585
2818
2819
2821
2822
2824
35594
35595
2828
35596
35598
35603
2836
2837
2838
35606
2839
35608
35609
35610
2843
2844
35615
35616
2850
35619
35620
2854
2859
35627
2862
35630
2863
2864
35632
2866
35634
35635
2868
2870
35638
2871
2876
2877
35646
2883
35652
2885
2886
2887
35657
35660
2894
2895
2898
2900
35668
35670
2903
2904
35673
2907
35676
2910
35679
2912
35680
35681
2913
35687
35689
2922
35690
35692
35694
2927
2928
2930
35699
35701
35702
35704
2940
2946
35714
35717
35718
2950
35719
35720
2953
35722
35723
35724
2957
35726
2960
35728
2963
35733
2966
2967
35736
35737
2971
2973
35742
35743
35744
2977
2980
35748
35749
2982
35750
35754
35758
2991
35759
2993
35764
2996
2998
3000
3003
35773
3005
35774
35775
35778
35779
3012
35780
3015
35784
3017
3018
35786
35787
3020
3022
3023
3024
3025
35794
3029
35801
35805
3039
3040
3042
35812
35815
3053
35821
3054
35822
3057
3059
35827
3060
35829
3062
3063
35832
35833
3066
35834
35836
35838
3072
35841
35843
3078
35849
3082
35850
35851
3085
35854
35855
3088
35856
3089
3091
3093
3094
3096
35864
3097
35865
35868
3100
35869
3102
35870
3104
3105
35873
35875
3108
35877
35882
3116
35886
35889
3122
3123
35893
3125
3130
35898
3131
35900
3135
3136
35905
35906
3139
3140
3141
35910
35913
3147
3149
35917
3150
3152
35921
35923
35925
3160
35929
3162
35932
3165
3166
3168
35936
3169
3170
35939
3172
35940
3174
35944
35945
3177
3178
35946
35949
35950
3185
35954
35957
3191
35959
3192
35963
3196
35964
35965
3200
35969
3203
3206
3207
35976
3211
3212
3214
35982
35984
3218
3223
35992
3225
35995
3228
35996
35997
3230
35998
3233
36001
3234
36002
36003
3237
36006
3240
3241
36010
36011
3244
3247
36015
36016
36018
3251
3253
36021
3254
3260
3261
36029
36033
3266
36036
36037
3271
36039
3273
3275
3277
3280
36048
3281
36049
3283
36054
3288
3289
3290
36058
3291
36060
3295
36063
36064
36066
3299
3302
3304
36073
36077
3313
36082
3317
36085
3318
36086
3320
36089
3323
3324
36093
36098
36099
3334
36102
36104
36105
36107
36109
36112
36113
3346
36114
36117
3352
36120
3353
3354
36123
3356
3357
36126
36127
3361
36129
3363
3366
36134
3367
36136
36137
36138
3370
36139
3372
36140
36142
36144
3378
3379
3381
3383
36151
3385
3386
36155
36156
3390
3392
3395
36164
36166
3400
36168
3401
36172
3405
3406
36176
3409
36179
36181
3414
36184
3417
36185
3419
36187
3422
36191
3424
3425
36193
36194
36195
3429
3430
3433
3434
36202
36204
3437
3438
3442
36210
3444
3445
36213
3446
36218
36221
36222
36223
3456
36225
36226
3459
36227
3460
3463
3466
36237
3471
36239
36241
3474
36242
3475
36243
36244
3477
36246
36248
3482
36251
3486
3488
36257
36258
3492
3493
36262
36263
36265
36266
3500
36268
36271
3503
36272
3504
3505
3506
36274
3507
3508
36278
3511
3512
36282
3519
36290
36291
3524
3525
36294
3529
36297
3530
36298
3533
36303
3536
36304
36305
3542
36310
36311
36312
3545
3550
3555
36323
3556
3558
36326
36327
36328
3563
3564
36332
36333
3566
3567
3568
36336
3569
3572
36340
3573
36341
3577
36345
36346
36347
3580
3581
36349
3582
36350
3583
3584
3586
36354
3588
3589
3597
3599
36369
3602
36370
36376
3609
36378
36381
3614
36382
3616
36384
3617
36386
3620
3622
36390
3625
36394
36395
3628
36397
3630
3634
36402
36403
36404
3637
3638
36411
36415
36418
3654
3655
36424
36426
3659
36427
36430
3662
3663
36431
3664
36432
3665
36433
3666
36435
36437
36441
36446
36448
36450
3684
36452
3689
3691
36460
3693
36461
3694
36463
3696
36464
3698
36466
36467
3700
36468
36469
3702
36470
36471
3704
36475
36477
36480
36482
36483
3716
3717
36486
3720
36488
3722
36490
3726
3730
3731
36500
3735
36504
3737
3738
36507
3740
36508
3741
36509
3745
36513
3746
36516
3749
36517
3750
36525
36526
36527
36528
36529
3762
3763
3764
36532
3765
36533
3768
36536
36539
36541
36542
36543
3777
3778
36547
36549
3781
3783
3786
36554
36555
36556
3789
3790
36559
3792
36560
3793
3797
3798
36567
36568
3801
3803
36573
3806
36574
3807
3808
36576
36577
36581
36584
36585
3824
36593
36595
3828
3829
36600
3835
3836
36604
3838
36606
36607
3840
3841
36611
3844
36613
3846
3849
36617
36619
36620
36622
3855
36624
3858
36626
3861
36629
3865
3868
36638
3871
3873
36642
3877
3878
36646
36648
36649
36651
3884
3885
3887
3888
36657
36658
3892
3893
36662
3895
36663
3896
36664
36665
3898
36670
36671
3904
36672
36673
36674
3907
3908
3909
3910
36678
36680
3913
36683
36685
3918
36686
36687
36691
36694
3930
36698
36699
36700
3933
36701
36702
3935
3936
3937
3940
36708
3941
3942
36711
3945
36713
36715
36716
36718
3951
36719
36722
3955
3957
3959
3960
36728
3962
36730
3964
36732
36737
36738
3971
36741
36743
36745
3979
3980
3981
36749
36750
3985
36754
3990
3992
36760
3995
3997
36766
3999
4000
36768
4002
4005
4008
4010
36778
4011
36784
4018
36787
4021
36790
4024
36792
4025
4026
4027
36796
4029
4032
36803
4036
36804
4037
36805
36806
4042
36813
4046
4050
36819
36820
4054
4055
4056
36825
4058
4059
4061
36831
4064
36832
4066
36834
36835
36836
36840
4074
4076
4079
4080
36848
36850
4085
36853
36856
36858
36862
36863
4097
36865
4100
4101
4102
36872
36876
4109
36877
4110
36883
4117
36887
36891
36892
36893
4127
36896
4130
36899
4135
36904
4137
36906
36907
36909
4142
4143
36911
36914
36915
36917
4150
36919
36920
4154
36924
4158
4159
36927
36928
36929
4164
36933
4170
36939
4173
36942
4175
36944
4177
4178
36946
4179
4180
4181
36949
4187
4189
4190
4191
36960
36962
36963
36966
4199
36968
4200
4201
36969
4203
36971
4204
4205
36973
4207
4209
36977
4210
4212
4213
36981
4214
36984
36985
4218
36987
4220
36988
36990
36991
4224
36992
4225
36994
4227
4229
36998
4233
4234
4238
37006
4239
4241
37009
37012
37013
4246
37014
4247
37015
37016
4250
4251
37019
4254
37022
4255
4257
37025
37026
37030
4263
37032
4266
37034
37036
37037
4272
4281
4283
37053
37054
4287
37057
37058
37060
4294
37062
4296
37064
37065
37067
37068
37072
4306
37074
37076
37077
4310
4313
37081
4314
4319
4320
4321
4322
37092
4325
37093
37096
37097
4330
4331
37099
37101
4336
37104
4337
4338
37106
37109
37110
4344
37112
4345
4346
37115
4349
4350
37119
4352
4355
37123
4356
4358
37126
37128
4361
37130
4363
4365
37136
4369
37137
37140
37142
4375
4376
37144
37145
4380
37150
37151
4385
37153
4387
37155
37159
37161
4394
37166
37169
4402
37170
4409
37178
37179
4413
4414
4415
37184
37186
4423
37192
37193
4431
4432
37200
37201
37204
4438
37206
37208
37209
4442
4443
37212
4449
4451
37221
4453
37222
37223
4462
37230
4465
37234
4467
4469
4470
4475
37244
37245
37246
4480
4481
4485
37254
37256
4488
37257
37258
37260
4493
37261
37264
4496
37265
4498
4499
37268
37269
4502
4504
4505
37274
4507
4508
37277
4514
37283
37285
4520
4522
37291
4524
37292
37293
37294
37295
37296
4529
4531
37299
4532
37301
4535
37303
37304
4541
37311
4545
37313
37314
37315
4548
4549
37318
4551
37319
37320
4553
37321
37322
4555
37325
37326
4559
4563
37331
4564
4565
4566
37334
4567
4570
4574
37342
4575
4576
37346
37347
4581
37350
37351
37352
4585
4587
4588
37356
37357
37359
37361
4595
37363
4596
4598
37366
4602
4605
37374
4607
37375
4609
37377
4610
4611
37380
4617
4621
4622
4630
4632
4635
4637
4640
4641
37410
4643
4644
4647
4648
4649
4653
4655
4656
4658
4664
4667
4669
4670
4672
4676
4677
4678
4681
4683
4686
4690
4693
4699
4701
4706
4708
4709
37479
4712
37483
4716
4725
37495
4729
4730
4732
4733
4735
37504
4736
4742
4743
4747
4749
37519
4752
4756
4762
4763
4765
4766
4770
4781
4782
4785
4786
37556
4789
4791
37564
4796
4800
4801
4804
4811
4812
4813
4814
4815
4818
4820
4823
4824
4825
4826
4828
4834
4836
4838
37611
4843
4844
4855
4857
4860
37631
4865
4866
4869
37641
4874
37647
4883
4892
4899
4906
4910
4913
4914
37683
4916
4919
4920
4922
4924
4926
4932
4934
37707
4941
4942
4945
4949
4950
4952
4953
4955
4958
4960
4963
4965
4967
4970
4973
37744
4978
4981
4982
4983
4986
4987
4993
4995
4997
5001
5007
5008
5009
37781
5013
5014
5016
5017
5020
5022
37797
5031
37800
5032
5033
5038
37809
5048
5049
5052
5056
5057
5058
37827
5059
5060
5062
5063
5064
37838
5072
5073
5079
5082
5083
5085
5095
5098
5102
37872
5104
5105
5107
5110
5114
5115
5117
5121
37891
37892
37893
5126
5128
37908
5142
5143
5144
5146
5147
5149
5150
5153
5154
5161
5162
5163
5168
5172
5173
5180
5183
5186
5189
5190
37960
5192
37962
5194
5196
5197
5201
5202
5203
5205
5206
5207
5210
5215
5216
5222
5227
5228
5229
5232
5234
5235
5236
5237
5241
5242
5243
5248
5249
5251
38020
38021
5255
5256
5264
5268
5269
5270
5271
5275
5278
5281
5282
5285
38053
5292
38061
5293
5295
5296
5297
5300
5303
5306
38076
5310
5315
5320
38090
5325
5326
5327
38096
5330
5331
5332
5333
5335
5341
5342
5344
5345
5346
5348
5351
38123
5360
5364
5369
5370
5371
38141
5375
5376
5386
5389
5390
5391
5393
5394
38163
5395
38165
5397
5399
5400
5402
5406
5408
5414
38183
5423
5426
38196
5428
5429
5430
5433
5434
5442
38212
5444
5447
5455
5458
5459
5460
5465
5466
5470
5471
5472
5475
5477
5481
5483
5484
5485
5492
5494
5495
5497
5498
5499
5502
5506
5510
5511
5516
5517
5521
5522
5523
5524
5528
5529
5531
5536
5537
5542
5544
5547
5552
5554
5561
5562
5563
5570
5572
5574
5578
5579
5580
5583
5589
5590
5591
5593
5594
5596
5599
5600
5602
5603
5605
5606
5608
5609
5613
5615
5619
5621
5622
5626
5627
5631
5638
5640
5648
5649
5654
5656
5662
5663
5664
5665
5666
5668
5671
5677
5678
5680
5681
5683
5689
5694
5695
5700
5704
5706
5707
5709
5711
5714
5715
5718
5721
5724
5727
5729
5730
5733
5736
5738
5742
5744
5751
5752
5754
5760
5769
5771
5774
5778
5781
5785
5786
5790
5792
5794
5799
5800
5801
5803
5806
5811
5812
5813
5815
5817
5823
5825
5830
5831
5833
5837
5838
5843
5845
5847
5848
5854
5856
5859
5862
5863
5865
5867
5871
5873
5877
5886
5889
5890
5891
5897
5899
5900
5907
5914
5915
5916
5918
5919
5922
5923
5925
5927
5928
5930
5931
5933
5934
5937
5949
5954
5956
5966
5968
5975
5976
5980
5982
5983
5985
5990
5991
5994
5996
5998
5999
6000
6003
6008
6010
6011
6021
6022
6023
6024
6026
6035
6036
6038
6042
6046
6048
6056
6061
6062
6067
6070
6071
6076
6078
6080
6084
6089
6090
6091
6093
6097
6099
6100
6102
6103
6106
6107
6109
6117
6121
6123
6126
6132
6135
6143
6145
6147
6148
6149
6154
6155
6157
6158
6159
6162
6163
6164
6165
6167
6168
6169
6173
6176
6178
6187
6188
6189
6190
6192
6195
6197
6199
6200
6203
6204
6209
6212
6215
6219
6222
6223
6228
6231
6232
6233
6238
6240
6241
6248
6249
6250
6251
6255
6261
6264
6266
6272
6274
6276
6285
6287
6290
6293
6295
6297
6298
6301
6307
6309
6312
6317
6320
6328
6330
6332
6333
6335
6345
6346
6348
6350
6356
6357
6360
6363
6369
6370
6373
6374
6377
6384
6386
6387
6388
6397
6400
6401
6403
6409
6412
6414
6416
6418
6419
6423
6424
6438
6440
6442
6445
6446
6448
6459
6461
6464
6469
6476
6479
6487
6488
6489
6490
6498
6499
6500
6504
6512
6514
6516
6519
6520
6524
6527
6528
6532
6535
6536
6538
6539
6540
6542
6544
6545
6555
6561
6564
6565
6570
6571
6572
6573
6577
6578
6579
6582
6583
6584
6586
6590
6592
6595
6597
6598
6599
6600
6601
6605
6606
6609
6613
6617
6618
6621
6622
6624
6625
6626
6627
6633
6637
6640
6641
6642
6647
6648
6650
6654
6656
6664
6666
6667
6668
6669
6673
6677
6678
6679
6681
6682
6685
6686
6687
6688
6690
6694
6696
6699
6700
6703
6708
6709
6713
6724
6729
6730
6736
6739
6740
6741
6742
6748
6751
6754
6756
6757
6758
6759
6762
6764
6766
6769
6773
6778
6783
6785
6786
6788
6790
6791
6794
6796
6799
6802
6804
6805
6808
6809
6810
6823
6825
6827
6828
6830
6833
6835
6838
6839
6843
6847
6848
6849
6852
6854
6855
6856
6858
6859
6865
6870
6871
6872
6876
6878
6887
6888
6895
6897
6898
6914
6923
6924
6928
6930
6933
6936
6940
6941
6942
6943
6944
6946
6947
6948
6949
6953
6954
6956
6959
6960
6962
6974
6975
6976
6979
6981
6985
6988
6993
6998
6999
7000
7001
7004
7007
7008
7009
7010
7016
7019
7021
7027
7033
7040
7044
7047
7049
7056
7057
7059
7060
7062
7065
7070
7072
7076
7078
7079
7083
7085
7086
7088
7089
7097
7099
7103
7104
7105
7108
7110
7112
7113
7114
7118
7122
7124
7125
7127
7129
7135
7137
7138
7139
7146
7148
7153
7159
7162
7166
7168
7170
7171
7173
7176
7177
7180
7182
7183
7184
7188
7190
7193
7197
7201
7208
7210
7213
7216
7218
7225
7235
7246
7248
7249
7253
7254
7256
7268
7269
7271
7275
7276
7281
7285
7287
7288
7292
7295
7296
7299
7304
7311
7318
7321
7324
7327
7329
7331
7336
7337
7338
7339
7341
7342
7346
7347
7350
7353
7356
7359
7371
7374
7381
7383
7385
7386
7387
7390
7391
7401
7403
7404
7407
7409
7417
7418
7419
7422
7424
7425
7427
7436
7437
7439
7440
7442
7444
7445
7451
7453
7454
7455
7456
7458
7459
7463
7467
7469
7472
7475
7477
7487
7493
7498
7507
7508
7518
7520
7527
7532
7536
7538
7545
7547
7549
7558
7560
7563
7564
7568
7570
7571
7572
7573
7577
7585
7589
7596
7598
7599
7605
7607
7609
7618
7619
7622
7624
7627
7628
7629
7630
7632
7635
7652
7656
7661
7663
7665
7668
7669
7674
7683
7687
7693
7695
7697
7701
7702
7704
7705
7708
7712
7715
7717
7720
7728
7729
7731
7734
7735
7736
7738
7739
7742
7744
7747
7748
7749
7751
7757
7759
7761
7766
7768
7778
7781
7787
7789
7790
7795
7796
7799
7800
7802
7803
7808
7809
7810
7811
7813
7816
7818
7826
7828
7830
7839
7840
7842
7843
7848
7849
7850
7852
7855
7859
7861
7864
7867
7869
7873
7875
7878
7883
7885
7886
7888
7891
7893
7895
7897
7898
7901
7905
7907
7908
7909
7913
7923
7926
7929
7932
7934
7937
7940
7941
7942
7945
7946
7947
7949
7957
7963
7964
7965
7966
7969
7970
7972
7975
7976
7978
7980
7985
7987
7990
7996
7997
7998
8000
8001
8002
8004
8005
8008
8010
8016
8022
8026
8031
8034
8041
8042
8044
8054
8057
8060
8063
8065
8073
8075
8078
8089
8091
8092
8094
8099
8101
8103
8105
8107
8108
8113
8115
8118
8120
8123
8124
8128
8129
8133
8137
8141
8142
8149
8156
8159
8160
8161
8162
8165
8168
8169
8172
8174
8183
8186
8190
8191
8194
8198
8199
8201
8203
8204
8208
8210
8213
8214
8219
8223
8228
8231
8234
8237
8238
8243
8247
8248
8255
8260
8261
8263
8265
8266
8268
8269
8271
8272
8275
8276
8277
8282
8290
8296
8300
8302
8307
8314
8316
8318
8327
8328
8329
8330
8332
8335
8338
8340
8341
8342
8350
8352
8353
8357
8361
8371
8372
8380
8381
8382
8383
8389
8392
8393
8395
8398
8401
8403
8405
8407
8414
8416
8417
8418
8419
8421
8423
8426
8430
8431
8433
8434
8437
8439
8440
8442
8449
8450
8453
8459
8477
8478
8480
8482
8483
8487
8498
8499
8502
8509
8510
8511
8514
8515
8518
8520
8522
8524
8525
8526
8528
8531
8534
8536
8539
8541
8544
8548
8551
8552
8556
8557
8558
8560
8563
8565
8567
8568
8572
8573
8576
8583
8584
8585
8593
8594
8598
8600
8604
8607
8612
8615
8622
8623
8626
8628
8631
8632
8633
8634
8637
8638
8642
8651
8655
8656
8657
8658
8663
8666
8673
8676
8677
8679
8682
8686
8690
8691
8692
8700
8702
8705
8710
8713
8722
8729
8730
8732
8733
8736
8737
8743
8747
8751
8752
8754
8757
8758
8766
8769
8772
8773
8777
8787
8796
8802
8804
8810
8811
8815
8817
8818
8819
8820
8824
8826
8827
8828
8830
8832
8834
8835
8836
8839
8840
8842
8845
8851
8857
8861
8863
8864
8866
8867
8868
8869
8870
8871
8876
8877
8882
8883
8884
8886
8888
8890
8893
8894
8895
8896
8898
8903
8907
8910
8920
8922
8925
8930
8933
8934
8936
8937
8941
8944
8947
8952
8954
8957
8958
8960
8963
8966
8967
8971
8974
8975
8976
8981
8982
8983
8995
8996
8997
8998
8999
9001
9003
9007
9008
9017
9026
9030
9039
9045
9051
9052
9054
9059
9060
9061
9068
9069
9073
9076
9078
9081
9082
9083
9084
9090
9098
9100
9101
9107
9113
9114
9117
9120
9121
9126
9127
9131
9132
9133
9136
9146
9149
9155
9165
9167
9179
9180
9184
9188
9189
9193
9195
9200
9205
9206
9208
9210
9212
9213
9214
9218
9220
9222
9230
9231
9232
9233
9238
9239
9243
9248
9253
9254
9255
9259
9260
9263
9266
9267
9269
9271
9274
9275
9289
9295
9296
9299
9302
9306
9307
9308
9313
9319
9321
9322
9326
9330
9334
9336
9337
9340
9345
9349
9350
9352
9354
9358
9359
9361
9365
9372
9377
9378
9381
9382
9385
9386
9392
9393
9395
9396
9397
9400
9401
9402
9403
9404
9406
9407
9408
9411
9415
9416
9417
9419
9422
9426
9430
9431
9433
9436
9439
9445
9448
9449
9452
9453
9454
9457
9461
9463
9464
9465
9466
9467
9469
9470
9477
9478
9488
9490
9493
9494
9496
9504
9507
9510
9511
9516
9519
9521
9522
9533
9537
9542
9543
9544
9548
9549
9554
9558
9560
9561
9562
9564
9565
9566
9570
9574
9575
9578
9579
9580
9585
9593
9594
9595
9597
9598
9600
9602
9605
9609
9614
9622
9623
9624
9625
9629
9631
9632
9633
9638
9639
9641
9642
9643
9645
9646
9647
9648
9649
9652
9655
9657
9665
9666
9669
9670
9672
9677
9679
9680
9681
9682
9692
9695
9697
9700
9703
9704
9707
9710
9714
9716
9722
9736
9737
9742
9743
9750
9751
9757
9759
9763
9764
9767
9770
9774
9775
9776
9778
9780
9781
9785
9792
9795
9798
9803
9816
9820
9822
9823
9824
9829
9832
9834
9839
9842
9844
9847
9853
9861
9863
9867
9872
9884
9887
9895
9896
9903
9904
9905
9907
9908
9911
9916
9919
9921
9922
9924
9927
9929
9930
9933
9934
9937
9943
9949
9952
9953
9954
9958
9962
9970
9973
9974
9975
9976
9978
9980
9981
9984
9986
9987
9988
9990
9994
9997
9998
10001
10004
10012
10013
10014
10019
10022
10023
10026
10029
10033
10035
10038
10041
10043
10050
10051
10052
10056
10064
10067
10068
10069
10071
10075
10076
10077
10082
10084
10089
10091
10093
10094
10097
10102
10104
10112
10113
10115
10118
10119
10121
10122
10124
10128
10130
10131
10135
10139
10143
10147
10154
10155
10160
10163
10166
10167
10169
10170
10172
10175
10176
10177
10179
10181
10182
10186
10189
10192
10193
10195
10196
10198
10199
10202
10204
10205
10212
10213
10214
10218
10222
10223
10226
10229
10231
10233
10239
10241
10242
10243
10245
10246
10247
10248
10253
10257
10258
10260
10261
10262
10265
10271
10274
10280
10282
10284
10298
10301
10302
10303
10307
10309
10311
10313
10314
10318
10319
10322
10326
10327
10328
10330
10332
10333
10336
10342
10346
10347
10351
10357
10358
10364
10369
10380
10385
10390
10402
10403
10404
10410
10416
10419
10436
10439
10440
10445
10446
10450
10456
10457
10458
10461
10462
10467
10468
10472
10473
10476
10477
10483
10492
10493
10497
10500
10503
10504
10510
10511
10513
10518
10521
10524
10532
10533
10535
10540
10542
10543
10546
10553
10554
10555
10558
10562
10563
10564
10567
10569
10572
10574
10576
10581
10582
10592
10594
10595
10596
10597
10599
10600
10607
10610
10611
10612
10615
10620
10626
10627
10636
10637
10641
10643
10647
10648
10650
10656
10662
10665
10669
10672
10675
10677
10678
10680
10681
10683
10690
10694
10697
10698
10702
10704
10705
10707
10708
10710
10711
10712
10719
10720
10731
10736
10737
10739
10740
10741
10749
10751
10752
10756
10757
10758
10759
10760
10767
10768
10770
10773
10776
10779
10780
10783
10788
10792
10795
10796
10801
10806
10814
10817
10818
10819
10820
10821
10823
10826
10827
10828
10830
10833
10835
10837
10839
10844
10845
10846
10853
10855
10860
10861
10864
10867
10874
10882
10886
10888
10895
10904
10905
10906
10910
10914
10915
10921
10922
10925
10926
10931
10933
10935
10936
10938
10941
10947
10948
10951
10953
10957
10960
10963
10965
10966
10973
10976
10981
10982
10983
10988
10990
10997
10998
10999
11002
11010
11018
11023
11027
11031
11033
11034
11038
11042
11043
11052
11055
11056
11057
11058
11059
11062
11069
11070
11073
11074
11082
11084
11091
11095
11098
11099
11101
11106
11108
11109
11114
11117
11123
11126
11127
11128
11129
11130
11131
11134
11139
11140
11141
11145
11147
11153
11158
11162
11168
11169
11177
11179
11182
11184
11185
11192
11195
11196
11198
11201
11206
11207
11210
11217
11224
11227
11228
11230
11231
11235
11239
11240
11242
11244
11253
11255
11256
11257
11260
11262
11271
11272
11274
11275
11276
11278
11280
11282
11285
11287
11289
11292
11294
11295
11296
11302
11303
11304
11305
11309
11310
11315
11317
11318
11319
11320
11328
11330
11335
11339
11344
11354
11356
11360
11361
11362
11368
11373
11381
11383
11384
11388
11392
11395
11396
11397
11398
11403
11405
11408
11410
11414
11418
11419
11420
11422
11423
11426
11428
11430
11447
11448
11450
11454
11456
11458
11466
11468
11469
11480
11482
11484
11486
11487
11491
11493
11494
11495
11496
11500
11502
11506
11510
11512
11514
11516
11523
11529
11532
11537
11538
11539
11547
11552
11555
11560
11563
11565
11566
11568
11571
11573
11576
11578
11580
11581
11586
11591
11594
11595
11604
11606
11611
11613
11616
11620
11624
11625
11626
11631
11634
11635
11637
11640
11643
11645
11646
11647
11650
11651
11656
11657
11660
11670
11677
11679
11685
11686
11690
11698
11701
11703
11705
11707
11713
11718
11721
11722
11723
11727
11730
11732
11736
11741
11749
11750
11754
11755
11756
11758
11761
11762
11763
11764
11766
11771
11772
11773
11774
11782
11784
11785
11787
11788
11793
11795
11804
11806
11807
11810
11811
11812
11816
11820
11822
11823
11824
11825
11827
11829
11831
11837
11839
11843
11844
11854
11857
11861
11864
11865
11870
11871
11876
11877
11879
11883
11884
11886
11887
11890
11899
11900
11906
11908
11910
11912
11916
11920
11923
11927
11930
11934
11936
11940
11942
11944
11945
11950
11956
11957
11958
11959
11963
11964
11967
11974
11978
11980
11986
11987
11992
11993
11995
12008
12012
12015
12016
12020
12022
12025
12032
12034
12035
12040
12041
12042
12047
12050
12062
12063
12064
12067
12069
12072
12074
12079
12081
12083
12091
12097
12105
12108
12109
12110
12113
12117
12123
12125
12126
12127
12130
12134
12138
12140
12143
12145
12146
12149
12150
12153
12158
12159
12160
12161
12163
12168
12175
12176
12178
12179
12181
12182
12185
12189
12195
12196
12199
12205
12207
12208
12213
12214
12217
12219
12228
12230
12236
12251
12255
12263
12265
12274
12281
12285
12286
12287
12288
12289
12290
12294
12295
12302
12303
12304
12310
12315
12316
12317
12321
12322
12324
12325
12326
12328
12329
12330
12331
12333
12342
12344
12347
12349
12351
12353
12355
12357
12358
12368
12379
12386
12388
12391
12394
12397
12402
12406
12411
12412
12415
12416
12417
12421
12425
12427
12431
12434
12438
12440
12441
12446
12450
12453
12455
12457
12467
12477
12480
12483
12487
12490
12493
12494
12498
12499
12500
12503
12504
12506
12510
12514
12515
12522
12523
12528
12530
12536
12542
12550
12552
12566
12567
12568
12569
12575
12578
12583
12585
12586
12587
12589
12595
12596
12599
12600
12601
12603
12605
12607
12609
12612
12618
12619
12624
12626
12630
12631
12632
12635
12637
12639
12640
12641
12645
12648
12649
12651
12656
12657
12659
12664
12666
12667
12668
12675
12679
12681
12685
12687
12689
12690
12693
12696
12700
12701
12702
12705
12706
12707
12708
12710
12711
12712
12720
12721
12722
12735
12737
12739
12743
12744
12746
12749
12754
12755
12757
12758
12759
12760
12763
12767
12770
12772
12777
12783
12784
12786
12790
12793
12794
12797
12798
12799
12801
12803
12805
12807
12808
12810
12816
12817
12818
12820
12821
12823
12824
12825
12826
12827
12829
12833
12835
12837
12840
12845
12851
12852
12857
12859
12860
12862
12863
12867
12869
12870
12873
12876
12877
12880
12885
12890
12892
12894
12895
12896
12901
12906
12908
12914
12917
12923
12929
12933
12935
12936
12937
12940
12946
12954
12956
12958
12962
12963
12966
12968
12978
12979
12986
12988
12995
12996
13001
13003
13004
13005
13006
13007
13008
13009
13014
13015
13016
13017
13018
13024
13027
13030
13031
13040
13043
13044
13047
13052
13061
13067
13068
13071
13072
13073
13074
13075
13077
13078
13081
13083
13084
13088
13089
13093
13094
13096
13097
13099
13100
13102
13106
13107
13112
13114
13116
13117
13125
13129
13130
13131
13135
13137
13138
13141
13142
13148
13151
13152
13155
13157
13158
13159
13161
13169
13172
13174
13175
13176
13178
13179
13183
13184
13186
13188
13189
13191
13192
13194
13197
13200
13201
13203
13206
13208
13212
13214
13216
13217
13224
13225
13229
13231
13234
13237
13243
13250
13253
13257
13270
13271
13273
13274
13275
13280
13281
13282
13283
13285
13294
13296
13297
13300
13301
13302
13304
13305
13309
13316
13323
13325
13326
13331
13336
13338
13339
13340
13341
13345
13347
13350
13351
13354
13356
13358
13363
13375
13376
13377
13378
13386
13388
13389
13393
13396
13398
13399
13402
13405
13406
13412
13414
13415
13416
13420
13423
13428
13431
13436
13437
13440
13442
13444
13445
13447
13448
13449
13452
13458
13462
13463
13466
13467
13469
13470
13472
13473
13475
13479
13480
13486
13488
13490
13492
13496
13498
13500
13501
13506
13511
13515
13517
13519
13531
13536
13538
13539
13540
13541
13547
13553
13556
13565
13578
13580
13583
13585
13588
13595
13597
13603
13612
13616
13617
13618
13619
13623
13626
13631
13633
13635
13638
13643
13646
13648
13650
13656
13658
13672
13673
13677
13678
13684
13685
13687
13688
13689
13692
13693
13701
13704
13705
13706
13707
13708
13709
13711
13712
13714
13715
13721
13723
13725
13727
13732
13736
13737
13741
13742
13743
13744
13745
13747
13749
13751
13752
13754
13756
13759
13760
13767
13772
13774
13779
13784
13789
13791
13796
13798
13799
13801
13802
13806
13807
13809
13815
13816
13825
13828
13832
13839
13840
13844
13851
13852
13853
13854
13855
13859
13861
13869
13870
13874
13877
13883
13884
13886
13888
13890
13893
13902
13905
13912
13914
13919
13924
13927
13931
13934
13939
13942
13943
13944
13948
13949
13950
13952
13953
13955
13956
13959
13962
13966
13967
13969
13970
13976
13977
13980
13981
13983
13986
13987
13988
13990
13997
13998
14004
14008
14009
14010
14011
14016
14019
14025
14026
14029
14035
14040
14041
14044
14047
14048
14052
14054
14059
14062
14063
14068
14069
14075
14077
14084
14086
14088
14089
14092
14098
14099
14100
14101
14102
14105
14106
14110
14111
14113
14118
14121
14126
14127
14130
14132
14138
14139
14140
14142
14152
14160
14162
14163
14165
14170
14172
14178
14179
14180
14181
14182
14183
14184
14185
14186
14188
14190
14193
14194
14201
14208
14210
14212
14213
14215
14219
14223
14224
14226
14233
14234
14235
14237
14238
14239
14241
14243
14247
14248
14252
14253
14255
14257
14262
14265
14267
14269
14273
14277
14278
14280
14281
14282
14285
14286
14287
14288
14290
14296
14297
14299
14301
14305
14311
14312
14315
14319
14321
14328
14331
14333
14334
14337
14340
14344
14347
14350
14352
14353
14355
14357
14361
14365
14368
14370
14373
14377
14379
14380
14384
14385
14392
14396
14397
14398
14401
14405
14408
14411
14417
14419
14422
14426
14427
14428
14432
14434
14435
14438
14442
14446
14448
14451
14453
14454
14457
14461
14464
14467
14470
14472
14474
14482
14488
14492
14494
14507
14510
14511
14518
14519
14520
14524
14528
14530
14532
14533
14535
14536
14544
14547
14551
14552
14553
14557
14559
14561
14562
14565
14566
14568
14571
14572
14573
14577
14579
14580
14585
14586
14594
14598
14600
14604
14605
14606
14607
14612
14613
14615
14616
14620
14625
14626
14627
14632
14634
14636
14639
14643
14644
14645
14648
14649
14656
14657
14658
14659
14669
14670
14671
14672
14673
14678
14682
14683
14688
14689
14692
14700
14701
14702
14705
14706
14707
14708
14710
14714
14717
14720
14721
14723
14724
14725
14733
14735
14736
14737
14739
14743
14746
14751
14752
14755
14756
14758
14759
14765
14767
14768
14774
14776
14777
14778
14779
14780
14784
14785
14786
14792
14796
14803
14805
14809
14812
14816
14819
14829
14831
14835
14838
14848
14849
14850
14851
14853
14858
14861
14862
14863
14864
14866
14868
14869
14871
14879
14880
14883
14886
14888
14890
14891
14895
14896
14900
14901
14905
14906
14909
14910
14912
14916
14918
14922
14925
14933
14934
14937
14938
14941
14942
14946
14948
14949
14953
14954
14957
14958
14960
14962
14965
14969
14975
14986
14987
14988
14992
14993
14995
14998
15004
15005
15008
15009
15014
15015
15017
15021
15022
15024
15028
15029
15032
15033
15035
15036
15045
15048
15051
15057
15066
15067
15070
15071
15077
15079
15080
15082
15083
15094
15095
15097
15100
15102
15106
15110
15127
15133
15143
15144
15145
15146
15152
15153
15155
15158
15163
15165
15166
15170
15174
15177
15185
15186
15188
15190
15194
15195
15196
15202
15203
15205
15206
15213
15218
15219
15222
15228
15229
15231
15232
15235
15236
15237
15240
15241
15251
15258
15259
15267
15269
15270
15278
15280
15283
15285
15286
15287
15288
15290
15296
15297
15298
15300
15303
15304
15310
15311
15313
15315
15325
15328
15330
15332
15333
15335
15336
15337
15339
15341
15344
15347
15348
15349
15352
15354
15356
15364
15366
15367
15368
15370
15372
15375
15376
15381
15382
15383
15386
15388
15391
15398
15399
15408
15411
15415
15416
15417
15419
15420
15422
15426
15427
15428
15429
15434
15436
15437
15439
15441
15443
15446
15451
15452
15453
15454
15464
15465
15467
15468
15473
15474
15477
15478
15480
15483
15484
15489
15493
15494
15498
15499
15500
15501
15505
15516
15517
15530
15534
15537
15538
15540
15543
15544
15545
15552
15553
15555
15560
15563
15566
15569
15574
15578
15579
15588
15589
15593
15595
15596
15597
15598
15606
15607
15609
15613
15617
15620
15623
15627
15629
15631
15633
15635
15649
15650
15652
15658
15661
15665
15666
15674
15678
15683
15685
15687
15691
15694
15701
15705
15707
15708
15709
15716
15719
15720
15721
15722
15723
15725
15730
15735
15738
15745
15746
15749
15751
15754
15760
15761
15762
15763
15769
15771
15773
15776
15780
15787
15788
15789
15791
15802
15809
15812
15813
15814
15819
15825
15830
15833
15836
15837
15840
15842
15843
15845
15846
15849
15850
15853
15860
15866
15871
15874
15878
15879
15884
15886
15890
15892
15894
15902
15908
15911
15912
15916
15917
15920
15921
15927
15929
15930
15935
15937
15944
15945
15947
15950
15951
15952
15953
15956
15960
15961
15969
15981
15982
15983
15986
15992
15995
15997
15998
16000
16006
16009
16012
16013
16014
16020
16025
16027
16030
16033
16035
16036
16037
16041
16042
16045
16046
16049
16050
16055
16068
16069
16072
16074
16080
16086
16093
16094
16095
16097
16100
16102
16106
16107
16118
16123
16136
16137
16138
16142
16143
16144
16147
16150
16155
16157
16158
16159
16163
16164
16166
16175
16176
16180
16182
16183
16184
16186
16190
16192
16197
16198
16199
16201
16203
16212
16233
16234
16242
16245
16246
16247
16248
16249
16252
16253
16258
16262
16263
16264
16265
16266
16267
16269
16271
16276
16280
16282
16285
16287
16292
16297
16302
16304
16308
16310
16311
16315
16323
16331
16333
16335
16343
16345
16347
16348
16354
16355
16356
16360
16366
16367
16370
16371
16372
16373
16375
16376
16378
16386
16387
16388
16391
16394
16395
16397
16401
16402
16405
16407
16408
16411
16413
16414
16415
16416
16417
16420
16423
16425
16426
16427
16428
16429
16431
16432
16433
16436
16438
16440
16441
16442
16443
16450
16452
16456
16458
16460
16463
16464
16466
16468
16470
16471
16475
16476
16477
16479
16484
16495
16504
16507
16510
16511
16515
16519
16520
16524
16525
16534
16536
16538
16543
16547
16557
16561
16562
16564
16567
16577
16579
16587
16594
16595
16598
16599
16602
16603
16606
16607
16611
16613
16616
16617
16620
16622
16624
16626
16627
16629
16632
16633
16636
16637
16638
16639
16640
16645
16648
16649
16652
16654
16656
16657
16658
16663
16667
16668
16670
16672
16675
16676
16680
16681
16687
16692
16702
16703
16706
16711
16719
16722
16724
16731
16733
16734
16736
16740
16741
16749
16752
16757
16758
16761
16762
16767
16769
16770
16772
16780
16782
16785
16795
16796
16797
16798
16799
16809
16814
16817
16818
16822
16823
16824
16828
16830
16835
16837
16838
16839
16840
16842
16844
16850
16853
16858
16861
16863
16865
16869
16874
16878
16879
16880
16888
16891
16894
16895
16897
16899
16901
16906
16908
16910
16912
16914
16915
16916
16922
16925
16932
16937
16938
16942
16943
16952
16953
16955
16963
16970
16979
16981
16994
16997
17001
17008
17010
17011
17019
17028
17030
17032
17033
17037
17038
17047
17050
17054
17055
17061
17062
17066
17068
17069
17077
17078
17082
17093
17094
17095
17096
17098
17105
17108
17111
17118
17119
17121
17123
17127
17133
17134
17135
17137
17138
17141
17143
17144
17145
17147
17150
17155
17157
17158
17162
17164
17174
17175
17178
17180
17182
17183
17185
17189
17190
17202
17205
17208
17216
17219
17220
17227
17233
17238
17246
17247
17248
17253
17254
17258
17259
17264
17266
17268
17270
17274
17275
17276
17278
17282
17291
17294
17301
17303
17310
17317
17318
17323
17328
17333
17336
17339
17340
17341
17344
17346
17349
17350
17352
17354
17360
17364
17368
17372
17373
17383
17385
17392
17397
17403
17404
17406
17409
17410
17413
17414
17415
17417
17418
17423
17432
17434
17443
17444
17445
17446
17449
17452
17453
17455
17456
17457
17458
17459
17460
17461
17463
17464
17466
17468
17472
17475
17477
17483
17484
17486
17490
17491
17495
17498
17503
17505
17519
17520
17525
17532
17533
17534
17536
17537
17539
17541
17545
17547
17558
17559
17562
17563
17584
17589
17598
17601
17602
17607
17611
17612
17617
17618
17619
17620
17626
17629
17630
17632
17635
17638
17641
17642
17643
17645
17646
17648
17649
17652
17654
17655
17661
17664
17666
17674
17675
17677
17680
17684
17685
17690
17692
17696
17697
17702
17708
17709
17711
17712
17715
17716
17717
17718
17721
17734
17736
17742
17743
17744
17745
17751
17755
17756
17757
17769
17770
17772
17776
17779
17784
17785
17786
17794
17795
17800
17804
17808
17812
17813
17815
17817
17818
17819
17828
17829
17836
17837
17839
17840
17844
17849
17852
17853
17860
17868
17873
17874
17880
17885
17886
17888
17890
17891
17894
17898
17904
17907
17908
17913
17916
17920
17922
17925
17926
17927
17928
17933
17940
17941
17944
17945
17950
17954
17961
17962
17969
17972
17975
17985
17986
17994
17998
18000
18003
18004
18005
18008
18010
18012
18013
18015
18017
18019
18021
18023
18026
18027
18029
18030
18032
18033
18035
18040
18046
18049
18052
18053
18054
18060
18063
18068
18070
18074
18078
18079
18084
18085
18091
18093
18095
18096
18099
18102
18105
18106
18107
18108
18109
18111
18115
18116
18117
18118
18123
18125
18126
18131
18132
18137
18138
18149
18150
18156
18161
18163
18164
18165
18168
18173
18174
18176
18183
18193
18198
18199
18206
18207
18208
18217
18218
18219
18221
18223
18226
18229
18231
18232
18233
18237
18239
18244
18245
18250
18251
18254
18257
18260
18262
18271
18276
18278
18279
18288
18290
18291
18292
18293
18295
18297
18299
18302
18306
18310
18313
18320
18324
18332
18335
18336
18339
18340
18347
18349
18350
18351
18353
18354
18366
18367
18369
18370
18380
18384
18385
18386
18387
18389
18391
18396
18397
18399
18404
18406
18408
18413
18417
18419
18420
18429
18430
18431
18433
18436
18441
18442
18447
18448
18449
18450
18451
18452
18453
18456
18457
18458
18464
18465
18466
18467
18468
18469
18473
18479
18480
18486
18492
18493
18497
18504
18505
18507
18509
18510
18514
18515
18517
18519
18524
18528
18529
18542
18548
18557
18560
18561
18562
18569
18570
18571
18572
18575
18576
18580
18582
18583
18587
18598
18601
18602
18603
18604
18605
18607
18608
18611
18612
18615
18617
18620
18622
18625
18626
18627
18629
18639
18646
18648
18650
18651
18652
18655
18656
18659
18662
18664
18665
18675
18676
18681
18685
18688
18692
18695
18697
18700
18701
18705
18709
18711
18712
18713
18714
18715
18716
18719
18721
18729
18732
18736
18737
18740
18748
18750
18753
18755
18758
18761
18765
18766
18771
18774
18780
18784
18787
18789
18790
18791
18804
18806
18811
18813
18815
18820
18824
18828
18838
18842
18847
18848
18850
18852
18857
18859
18867
18868
18870
18872
18873
18877
18879
18882
18887
18888
18889
18894
18895
18896
18899
18901
18904
18905
18906
18909
18911
18912
18914
18918
18923
18924
18927
18928
18929
18931
18934
18939
18941
18943
18944
18945
18958
18959
18961
18963
18964
18967
18969
18970
18972
18977
18982
18983
18984
18985
18988
18989
18991
18994
19003
19007
19008
19011
19016
19020
19022
19032
19033
19034
19037
19041
19044
19045
19050
19052
19055
19056
19061
19063
19064
19066
19074
19075
19079
19083
19086
19091
19092
19093
19094
19095
19096
19101
19102
19103
19104
19105
19106
19110
19112
19118
19131
19133
19138
19141
19147
19148
19149
19158
19163
19164
19167
19168
19169
19172
19176
19178
19180
19189
19192
19195
19200
19202
19208
19212
19214
19220
19224
19226
19228
19231
19234
19235
19236
19237
19238
19240
19249
19250
19251
19252
19254
19255
19257
19258
19262
19264
19267
19268
19269
19272
19273
19275
19277
19280
19282
19285
19287
19291
19295
19297
19298
19299
19301
19302
19305
19310
19312
19318
19319
19320
19324
19326
19329
19330
19334
19337
19338
19340
19341
19345
19352
19353
19354
19356
19357
19358
19359
19361
19366
19367
19369
19371
19373
19377
19379
19381
19386
19393
19394
19395
19399
19400
19404
19407
19411
19413
19415
19418
19420
19423
19425
19426
19428
19429
19431
19435
19438
19441
19444
19445
19451
19453
19455
19456
19458
19459
19460
19461
19466
19470
19473
19476
19482
19487
19489
19490
19492
19493
19494
19498
19501
19503
19511
19515
19516
19517
19519
19521
19523
19527
19528
19531
19536
19538
19541
19544
19545
19546
19550
19556
19561
19562
19569
19570
19572
19573
19579
19580
19582
19584
19600
19603
19605
19606
19607
19608
19610
19611
19616
19625
19626
19628
19631
19636
19637
19638
19642
19646
19648
19649
19650
19651
19653
19655
19660
19663
19667
19668
19672
19674
19676
19677
19678
19684
19690
19692
19701
19703
19705
19713
19714
19716
19720
19724
19725
19728
19731
19733
19735
19742
19743
19744
19745
19747
19750
19756
19762
19763
19764
19768
19773
19774
19776
19778
19780
19782
19784
19786
19792
19795
19801
19803
19805
19807
19810
19812
19813
19817
19818
19819
19820
19822
19823
19828
19829
19832
19834
19835
19842
19849
19850
19851
19853
19856
19862
19872
19873
19876
19877
19878
19880
19882
19883
19885
19888
19891
19892
19897
19905
19908
19912
19913
19914
19918
19920
19926
19928
19929
19930
19932
19934
19935
19936
19938
19939
19940
19945
19947
19948
19954
19955
19959
19968
19970
19971
19972
19974
19977
19979
19981
19986
19990
19992
19993
19996
20000
20001
20002
20009
20010
20011
20014
20015
20019
20022
20024
20027
20029
20030
20033
20037
20039
20042
20045
20047
20048
20051
20052
20053
20054
20057
20060
20062
20063
20065
20066
20071
20073
20074
20080
20081
20083
20086
20092
20097
20098
20101
20105
20106
20109
20114
20116
20122
20129
20133
20134
20138
20140
20143
20145
20146
20147
20149
20151
20154
20158
20166
20168
20171
20174
20176
20177
20180
20189
20191
20192
20200
20203
20205
20209
20214
20216
20217
20219
20220
20223
20225
20228
20230
20232
20234
20236
20238
20241
20247
20254
20262
20264
20267
20270
20274
20280
20282
20286
20293
20295
20297
20302
20310
20311
20312
20316
20317
20318
20322
20323
20324
20331
20339
20341
20345
20348
20352
20353
20356
20357
20359
20361
20365
20370
20376
20383
20384
20393
20395
20398
20399
20404
20405
20408
20410
20412
20414
20419
20421
20424
20426
20430
20433
20439
20443
20445
20452
20454
20457
20458
20462
20471
20474
20475
20483
20484
20490
20491
20493
20498
20506
20511
20512
20515
20519
20520
20521
20532
20540
20545
20548
20551
20552
20556
20567
20571
20576
20581
20584
20589
20590
20591
20592
20593
20596
20599
20603
20606
20608
20611
20612
20614
20616
20618
20619
20620
20622
20623
20628
20631
20632
20634
20636
20637
20638
20640
20641
20644
20645
20648
20650
20651
20652
20658
20662
20663
20671
20675
20677
20678
20679
20682
20683
20689
20690
20696
20697
20698
20699
20701
20712
20717
20719
20720
20721
20723
20724
20726
20728
20731
20732
20735
20737
20739
20744
20745
20746
20749
20755
20756
20763
20766
20768
20771
20772
20773
20775
20779
20781
20784
20785
20788
20789
20790
20791
20793
20798
20799
20803
20804
20810
20811
20812
20816
20819
20822
20825
20828
20832
20833
20838
20840
20842
20849
20850
20852
20853
20854
20856
20858
20859
20863
20875
20881
20884
20886
20892
20893
20895
20896
20901
20906
20907
20910
20917
20920
20924
20925
20931
20932
20933
20936
20937
20939
20943
20944
20946
20947
20949
20955
20956
20968
20971
20972
20974
20975
20978
20979
20981
20983
20988
20989
20990
20991
21000
21001
21008
21017
21022
21024
21028
21037
21039
21046
21047
21054
21055
21057
21058
21062
21066
21073
21076
21077
21080
21087
21088
21096
21097
21102
21103
21106
21108
21109
21113
21115
21119
21120
21125
21129
21131
21136
21140
21142
21146
21150
21151
21152
21154
21161
21163
21167
21169
21170
21173
21174
21175
21177
21179
21183
21184
21190
21193
21196
21202
21204
21207
21208
21209
21211
21214
21218
21219
21220
21221
21224
21229
21231
21233
21235
21238
21250
21251
21252
21257
21258
21264
21265
21269
21272
21273
21275
21277
21278
21279
21282
21286
21293
21295
21296
21297
21298
21301
21303
21304
21306
21318
21322
21324
21327
21331
21332
21334
21335
21347
21349
21353
21358
21361
21365
21366
21368
21374
21375
21380
21385
21386
21390
21392
21401
21403
21404
21412
21413
21420
21428
21432
21433
21438
21439
21447
21450
21452
21454
21456
21462
21464
21469
21472
21474
21478
21479
21484
21488
21490
21491
21492
21494
21495
21496
21499
21500
21503
21506
21507
21508
21509
21513
21514
21517
21520
21526
21527
21529
21535
21538
21541
21542
21545
21548
21549
21556
21565
21567
21568
21570
21572
21573
21578
21580
21583
21585
21587
21590
21592
21593
21598
21600
21602
21603
21604
21612
21613
21615
21616
21618
21620
21624
21625
21628
21629
21633
21635
21637
21642
21644
21647
21651
21652
21655
21656
21659
21661
21662
21674
21676
21677
21679
21682
21683
21686
21689
21690
21698
21702
21706
21709
21717
21718
21720
21726
21731
21733
21735
21736
21743
21744
21748
21749
21751
21756
21757
21762
21768
21773
21775
21776
21778
21781
21784
21790
21791
21795
21796
21799
21801
21806
21810
21818
21819
21826
21832
21834
21837
21845
21849
21854
21856
21861
21867
21868
21870
21876
21877
21879
21883
21885
21889
21890
21893
21900
21905
21907
21909
21911
21912
21913
21915
21920
21922
21925
21927
21928
21933
21934
21944
21948
21949
21951
21954
21958
21959
21960
21961
21962
21963
21968
21971
21974
21975
21982
21984
21988
21989
21990
21995
22001
22008
22010
22011
22013
22016
22017
22020
22023
22024
22025
22031
22035
22036
22040
22043
22046
22054
22057
22059
22061
22063
22064
22069
22073
22074
22076
22078
22083
22087
22089
22092
22098
22102
22105
22122
22124
22125
22127
22134
22135
22138
22139
22165
22166
22168
22169
22171
22178
22182
22183
22186
22187
22188
22196
22199
22201
22202
22204
22206
22209
22210
22211
22214
22216
22221
22227
22234
22238
22240
22246
22249
22250
22251
22256
22262
22269
22275
22276
22279
22280
22281
22284
22289
22291
22293
22303
22307
22308
22309
22310
22311
22313
22314
22316
22318
22319
22322
22324
22329
22330
22335
22336
22339
22340
22346
22348
22349
22351
22355
22357
22358
22364
22372
22373
22375
22385
22386
22390
22392
22393
22396
22397
22402
22404
22405
22416
22418
22419
22420
22421
22423
22426
22427
22429
22433
22435
22438
22439
22440
22445
22446
22449
22450
22451
22452
22456
22459
22464
22465
22467
22469
22470
22473
22474
22478
22483
22485
22487
22488
22492
22493
22494
22496
22498
22501
22517
22520
22525
22535
22536
22538
22542
22543
22548
22549
22551
22555
22557
22564
22566
22570
22573
22579
22581
22583
22584
22586
22589
22594
22599
22602
22604
22607
22609
22610
22613
22616
22623
22624
22627
22637
22638
22640
22641
22643
22644
22646
22647
22648
22649
22650
22651
22653
22654
22655
22656
22660
22663
22664
22671
22672
22677
22678
22679
22680
22683
22687
22688
22690
22691
22695
22701
22702
22703
22705
22708
22711
22714
22717
22718
22720
22729
22730
22733
22734
22737
22741
22745
22746
22756
22757
22761
22763
22768
22769
22775
22777
22779
22781
22782
22785
22789
22793
22794
22796
22797
22799
22800
22802
22810
22811
22813
22817
22818
22820
22824
22830
22832
22833
22841
22842
22843
22850
22858
22860
22863
22866
22867
22871
22876
22879
22880
22882
22886
22889
22894
22896
22897
22900
22901
22906
22907
22908
22909
22912
22913
22919
22925
22926
22932
22933
22939
22940
22941
22942
22947
22948
22949
22950
22953
22955
22958
22965
22966
22967
22969
22971
22973
22978
22980
22984
22987
22988
22990
22991
22992
22995
22998
23006
23007
23008
23013
23014
23018
23019
23020
23021
23027
23028
23029
23030
23032
23036
23037
23038
23040
23044
23047
23048
23050
23051
23054
23055
23058
23061
23064
23065
23066
23071
23077
23078
23079
23082
23083
23086
23087
23092
23095
23097
23101
23104
23105
23106
23109
23110
23111
23119
23121
23122
23124
23128
23131
23132
23134
23139
23140
23142
23145
23148
23153
23158
23161
23162
23164
23165
23166
23169
23171
23174
23176
23178
23179
23184
23187
23188
23192
23194
23195
23198
23201
23209
23211
23213
23214
23215
23216
23217
23220
23223
23225
23228
23233
23234
23236
23237
23238
23239
23240
23243
23247
23249
23260
23265
23266
23276
23279
23281
23282
23284
23285
23289
23293
23295
23301
23302
23304
23307
23308
23310
23312
23313
23316
23320
23329
23330
23334
23342
23344
23347
23358
23359
23361
23362
23370
23372
23382
23383
23385
23393
23394
23395
23396
23398
23402
23409
23412
23413
23419
23421
23426
23429
23430
23435
23436
23437
23444
23446
23448
23449
23450
23451
23454
23456
23457
23460
23462
23463
23468
23469
23470
23474
23477
23478
23479
23480
23483
23494
23497
23499
23503
23506
23508
23509
23511
23513
23518
23519
23520
23521
23522
23527
23528
23535
23539
23542
23543
23545
23547
23549
23552
23553
23555
23556
23558
23559
23561
23563
23564
23565
23566
23567
23568
23570
23572
23574
23576
23577
23582
23583
23585
23586
23588
23590
23593
23594
23595
23596
23604
23607
23609
23612
23615
23617
23618
23620
23621
23628
23632
23642
23644
23645
23652
23653
23654
23657
23658
23662
23664
23665
23666
23670
23672
23677
23679
23681
23683
23685
23686
23690
23694
23696
23701
23705
23711
23712
23714
23720
23724
23725
23731
23732
23737
23739
23742
23751
23754
23756
23757
23758
23760
23762
23764
23767
23771
23774
23775
23776
23777
23778
23783
23784
23787
23790
23801
23803
23804
23809
23811
23812
23817
23819
23820
23822
23827
23830
23833
23837
23838
23839
23841
23844
23850
23853
23855
23856
23863
23867
23868
23870
23876
23879
23885
23893
23897
23898
23904
23906
23911
23914
23915
23916
23918
23919
23920
23921
23922
23927
23930
23933
23943
23945
23951
23954
23955
23957
23958
23959
23960
23961
23969
23972
23976
23978
23979
23980
23983
23984
23985
23987
23991
23992
23998
23999
24000
24008
24009
24016
24023
24024
24025
24030
24031
24033
24034
24036
24038
24040
24046
24048
24051
24055
24058
24068
24070
24071
24073
24074
24076
24082
24085
24086
24088
24092
24094
24097
24100
24102
24106
24107
24110
24111
24112
24118
24119
24120
24123
24125
24129
24140
24141
24144
24150
24154
24172
24181
24182
24183
24184
24186
24192
24194
24195
24196
24203
24206
24207
24209
24210
24211
24212
24216
24222
24223
24227
24229
24230
24233
24243
24244
24249
24264
24268
24270
24276
24277
24278
24279
24280
24283
24284
24285
24289
24291
24295
24298
24299
24300
24304
24305
24307
24308
24320
24323
24324
24326
24327
24328
24329
24330
24335
24338
24340
24341
24342
24344
24347
24349
24350
24355
24357
24358
24359
24368
24377
24379
24380
24381
24382
24386
24387
24389
24393
24396
24397
24408
24409
24410
24411
24413
24414
24420
24424
24429
24432
24435
24436
24444
24448
24451
24453
24454
24456
24459
24463
24469
24470
24475
24476
24479
24482
24487
24491
24508
24510
24513
24522
24524
24532
24534
24536
24543
24546
24547
24548
24549
24556
24563
24566
24567
24568
24569
24572
24575
24578
24581
24582
24583
24585
24591
24593
24602
24603
24607
24612
24613
24617
24629
24636
24637
24642
24643
24648
24656
24657
24660
24662
24664
24666
24667
24669
24670
24678
24679
24681
24683
24684
24689
24692
24694
24697
24698
24700
24702
24703
24704
24706
24712
24714
24722
24724
24725
24726
24728
24731
24732
24734
24735
24738
24746
24747
24748
24750
24753
24755
24760
24761
24764
24765
24766
24768
24771
24777
24778
24779
24780
24782
24785
24789
24794
24798
24804
24809
24811
24813
24820
24827
24831
24833
24836
24837
24838
24841
24842
24845
24846
24848
24853
24855
24857
24858
24861
24867
24875
24876
24877
24881
24882
24883
24888
24889
24891
24899
24911
24912
24914
24917
24921
24922
24928
24929
24931
24932
24935
24940
24943
24948
24949
24952
24953
24954
24958
24968
24969
24977
24981
24982
24985
24991
24992
24993
24996
25000
25001
25004
25008
25010
25013
25015
25018
25022
25026
25027
25028
25035
25043
25044
25051
25053
25055
25056
25057
25071
25076
25082
25087
25089
25092
25093
25094
25095
25096
25098
25102
25104
25110
25111
25113
25119
25120
25122
25125
25128
25134
25136
25137
25140
25141
25142
25143
25145
25146
25147
25151
25152
25155
25156
25161
25162
25164
25166
25169
25174
25175
25179
25184
25185
25192
25193
25195
25197
25205
25207
25209
25215
25218
25220
25225
25231
25235
25238
25240
25247
25248
25249
25253
25254
25257
25258
25259
25264
25265
25267
25269
25271
25273
25274
25278
25282
25283
25284
25285
25289
25291
25299
25300
25301
25302
25306
25308
25309
25310
25311
25314
25315
25316
25318
25322
25323
25324
25326
25327
25328
25329
25330
25332
25333
25335
25343
25344
25348
25350
25352
25358
25362
25365
25366
25367
25369
25371
25373
25375
25378
25384
25390
25391
25393
25398
25403
25406
25407
25408
25413
25418
25419
25423
25424
25430
25432
25438
25439
25440
25444
25445
25449
25453
25454
25456
25457
25458
25459
25461
25462
25465
25466
25469
25471
25473
25478
25481
25482
25483
25488
25492
25493
25496
25498
25500
25503
25504
25511
25514
25517
25522
25524
25527
25532
25534
25536
25538
25541
25542
25544
25546
25549
25555
25556
25560
25568
25569
25574
25576
25577
25581
25583
25584
25585
25586
25587
25595
25596
25597
25599
25603
25605
25608
25609
25611
25613
25620
25622
25623
25627
25628
25633
25634
25636
25637
25641
25652
25653
25654
25662
25665
25666
25668
25669
25670
25671
25674
25680
25682
25683
25684
25687
25693
25695
25697
25699
25701
25705
25713
25721
25722
25724
25725
25726
25728
25730
25732
25734
25735
25737
25739
25740
25742
25745
25747
25749
25750
25763
25765
25768
25773
25778
25781
25786
25795
25800
25808
25810
25818
25820
25822
25827
25828
25832
25834
25842
25844
25845
25848
25849
25850
25852
25853
25855
25860
25861
25868
25870
25872
25873
25874
25875
25882
25887
25888
25891
25893
25897
25900
25902
25906
25908
25909
25911
25912
25915
25916
25917
25918
25920
25921
25926
25927
25931
25932
25934
25941
25942
25943
25944
25948
25949
25963
25966
25969
25972
25974
25977
25978
25980
25981
25984
25986
25987
25994
25998
25999
26006
26008
26009
26011
26015
26016
26017
26021
26028
26032
26033
26035
26039
26040
26043
26049
26051
26053
26056
26058
26060
26067
26069
26072
26074
26075
26076
26077
26084
26086
26093
26103
26104
26107
26110
26116
26119
26121
26122
26123
26127
26130
26134
26137
26143
26147
26151
26153
26156
26159
26162
26167
26168
26170
26171
26173
26174
26181
26182
26189
26190
26194
26199
26202
26203
26206
26211
26212
26213
26215
26216
26217
26219
26226
26229
26231
26234
26235
26236
26245
26249
26250
26255
26258
26260
26264
26265
26266
26270
26272
26273
26277
26278
26279
26286
26295
26302
26303
26308
26309
26314
26316
26321
26329
26331
26337
26342
26345
26346
26353
26354
26355
26360
26362
26369
26373
26375
26380
26383
26386
26388
26389
26395
26397
26398
26406
26407
26411
26413
26414
26416
26420
26422
26423
26428
26432
26436
26438
26442
26447
26454
26460
26465
26467
26468
26469
26471
26472
26473
26474
26477
26481
26482
26486
26487
26491
26492
26493
26495
26497
26500
26502
26503
26505
26512
26515
26521
26523
26524
26533
26535
26538
26540
26541
26543
26545
26547
26548
26551
26554
26556
26560
26562
26564
26566
26575
26576
26578
26580
26582
26585
26590
26601
26602
26604
26609
26610
26612
26614
26621
26622
26628
26633
26638
26641
26643
26645
26647
26653
26658
26660
26668
26669
26675
26679
26680
26682
26686
26692
26693
26694
26697
26698
26703
26706
26709
26711
26713
26716
26718
26723
26727
26728
26731
26738
26741
26742
26743
26744
26745
26754
26757
26758
26759
26760
26761
26763
26764
26766
26768
26769
26775
26777
26784
26787
26788
26789
26793
26794
26796
26800
26807
26808
26815
26819
26822
26824
26827
26835
26839
26841
26842
26843
26846
26849
26850
26852
26857
26863
26864
26865
26866
26867
26871
26872
26881
26884
26887
26892
26893
26897
26901
26909
26918
26922
26926
26927
26939
26941
26943
26944
26945
26952
26953
26957
26959
26960
26961
26963
26965
26970
26976
26977
26978
26979
26981
26984
26989
26991
26992
26993
26999
27002
27003
27004
27006
27011
27012
27013
27014
27017
27018
27019
27020
27023
27026
27027
27030
27032
27038
27041
27046
27049
27053
27057
27059
27066
27072
27075
27076
27077
27078
27082
27084
27087
27091
27092
27094
27096
27099
27103
27105
27106
27110
27112
27113
27114
27121
27123
27126
27132
27145
27146
27147
27153
27155
27156
27158
27163
27168
27172
27173
27176
27177
27178
27179
27182
27200
27201
27207
27209
27210
27213
27216
27218
27220
27221
27222
27223
27224
27225
27226
27232
27234
27235
27236
27237
27239
27240
27243
27245
27247
27248
27252
27255
27265
27269
27271
27278
27279
27285
27286
27290
27293
27294
27297
27300
27302
27303
27307
27309
27313
27318
27319
27320
27322
27326
27327
27329
27331
27333
27336
27343
27347
27348
27352
27364
27365
27367
27368
27373
27374
27375
27381
27383
27388
27393
27396
27403
27413
27414
27416
27417
27418
27421
27425
27431
27433
27434
27435
27438
27441
27444
27449
27451
27452
27459
27461
27463
27464
27467
27468
27475
27476
27485
27486
27490
27492
27493
27498
27500
27501
27502
27508
27509
27513
27514
27518
27524
27525
27526
27527
27528
27535
27536
27537
27540
27541
27542
27544
27548
27551
27558
27559
27560
27565
27566
27575
27576
27582
27583
27587
27588
27591
27592
27593
27594
27595
27596
27599
27600
27601
27606
27608
27609
27611
27612
27613
27615
27617
27618
27619
27621
27626
27627
27630
27631
27632
27633
27634
27639
27642
27645
27654
27656
27658
27659
27668
27670
27673
27675
27680
27681
27684
27687
27689
27693
27695
27698
27702
27703
27713
27716
27720
27721
27724
27728
27729
27730
27734
27737
27747
27750
27752
27758
27759
27760
27761
27767
27769
27770
27779
27783
27784
27785
27789
27791
27793
27794
27795
27796
27800
27801
27804
27808
27809
27812
27817
27822
27828
27836
27838
27843
27846
27851
27857
27858
27860
27864
27869
27872
27875
27876
27877
27878
27887
27888
27890
27894
27895
27897
27900
27908
27909
27911
27921
27926
27930
27941
27942
27946
27949
27952
27953
27954
27960
27963
27964
27965
27971
27978
27983
27984
27985
27997
27998
28000
28002
28004
28007
28008
28010
28011
28013
28015
28020
28023
28024
28027
28030
28035
28038
28040
28043
28048
28049
28053
28054
28055
28056
28057
28059
28061
28062
28064
28066
28067
28073
28076
28084
28086
28090
28091
28095
28096
28098
28106
28107
28111
28112
28114
28116
28120
28121
28124
28130
28131
28132
28133
28134
28136
28138
28142
28143
28144
28145
28146
28150
28154
28156
28163
28165
28176
28184
28187
28189
28194
28205
28208
28209
28212
28215
28218
28221
28225
28229
28231
28232
28236
28238
28239
28245
28247
28255
28257
28265
28267
28268
28269
28271
28273
28278
28279
28280
28283
28286
28288
28289
28290
28292
28294
28295
28303
28304
28305
28306
28311
28317
28318
28319
28322
28323
28324
28335
28344
28345
28349
28352
28354
28355
28357
28367
28371
28373
28374
28375
28379
28380
28381
28387
28388
28391
28394
28395
28399
28402
28405
28408
28409
28411
28417
28420
28421
28425
28428
28430
28439
28443
28445
28446
28451
28456
28458
28467
28469
28474
28475
28477
28478
28480
28487
28488
28493
28495
28497
28498
28499
28505
28506
28512
28517
28523
28525
28526
28530
28531
28533
28534
28536
28543
28553
28557
28560
28561
28564
28566
28567
28571
28572
28573
28574
28575
28581
28582
28585
28586
28587
28590
28593
28596
28598
28613
28615
28616
28617
28618
28619
28621
28625
28628
28633
28642
28645
28646
28650
28651
28654
28656
28659
28661
28662
28665
28666
28667
28669
28670
28672
28677
28678
28680
28687
28688
28691
28697
28698
28699
28703
28705
28707
28708
28709
28711
28718
28719
28721
28722
28724
28725
28727
28733
28734
28739
28744
28745
28750
28752
28754
28756
28759
28766
28770
28771
28772
28773
28775
28778
28779
28782
28786
28788
28791
28795
28797
28798
28803
28804
28809
28811
28814
28816
28817
28819
28824
28826
28828
28831
28836
28837
28840
28842
28844
28845
28846
28847
28849
28854
28855
28858
28861
28864
28865
28866
28868
28870
28872
28873
28874
28879
28883
28886
28888
28889
28895
28899
28905
28910
28911
28916
28919
28920
28924
28925
28926
28930
28933
28934
28939
28942
28945
28946
28947
28952
28954
28955
28960
28961
28962
28963
28966
28967
28969
28971
28973
28975
28977
28978
28981
28983
28984
28985
28988
28990
28991
28992
28995
28997
28998
28999
29002
29004
29005
29006
29007
29015
29018
29020
29022
29028
29029
29032
29033
29034
29035
29038
29047
29048
29053
29055
29057
29060
29061
29063
29066
29068
29069
29070
29072
29074
29091
29093
29094
29095
29096
29099
29101
29105
29106
29109
29114
29118
29119
29123
29126
29128
29129
29132
29134
29135
29137
29140
29142
29143
29156
29157
29159
29162
29163
29169
29171
29172
29173
29176
29183
29184
29185
29187
29191
29195
29197
29198
29204
29208
29209
29215
29216
29219
29222
29223
29224
29232
29235
29238
29239
29240
29243
29245
29246
29248
29249
29250
29256
29259
29262
29267
29270
29273
29275
29278
29279
29284
29292
29295
29296
29301
29303
29307
29309
29311
29315
29316
29319
29321
29326
29327
29333
29337
29341
29345
29348
29349
29353
29356
29360
29366
29367
29369
29372
29381
29383
29384
29386
29388
29392
29395
29397
29404
29408
29410
29411
29413
29414
29417
29418
29419
29422
29426
29428
29429
29432
29435
29437
29438
29442
29444
29453
29464
29465
29470
29471
29472
29476
29477
29487
29489
29490
29492
29494
29495
29499
29504
29511
29517
29525
29526
29531
29534
29540
29541
29542
29543
29545
29548
29553
29555
29556
29558
29559
29564
29565
29569
29570
29571
29572
29573
29575
29577
29582
29586
29590
29591
29592
29595
29597
29598
29603
29605
29609
29619
29621
29622
29623
29624
29631
29633
29634
29635
29638
29639
29642
29653
29654
29655
29657
29662
29663
29664
29665
29667
29669
29673
29679
29680
29683
29692
29699
29701
29705
29706
29711
29717
29725
29728
29729
29731
29737
29740
29743
29745
29747
29748
29752
29753
29757
29760
29783
29784
29786
29787
29790
29794
29796
29797
29798
29802
29803
29808
29814
29815
29820
29821
29824
29825
29829
29831
29832
29835
29836
29837
29839
29842
29845
29849
29853
29854
29856
29857
29859
29866
29869
29870
29871
29876
29882
29887
29889
29890
29894
29897
29901
29902
29907
29908
29910
29911
29913
29919
29927
29928
29936
29939
29940
29943
29947
29948
29953
29954
29955
29958
29960
29961
29967
29973
29976
29978
29980
29981
29988
29992
29993
29995
29996
29999
30001
30010
30011
30016
30018
30020
30021
30024
30027
30031
30033
30035
30039
30041
30044
30051
30052
30053
30056
30059
30063
30067
30069
30072
30078
30079
30082
30087
30091
30094
30095
30096
30104
30106
30107
30108
30109
30111
30112
30114
30117
30120
30122
30126
30127
30129
30131
30133
30135
30136
30138
30139
30140
30141
30142
30144
30148
30149
30150
30152
30157
30159
30161
30162
30163
30165
30168
30174
30176
30178
30179
30184
30188
30197
30202
30204
30206
30207
30208
30214
30215
30218
30221
30222
30225
30227
30230
30231
30234
30239
30244
30245
30254
30260
30261
30266
30272
30275
30276
30279
30292
30294
30296
30298
30300
30302
30310
30312
30313
30316
30319
30320
30326
30335
30336
30338
30342
30346
30347
30349
30351
30354
30357
30358
30361
30364
30365
30369
30370
30374
30378
30379
30380
30384
30385
30388
30390
30391
30394
30401
30403
30404
30406
30408
30409
30415
30418
30422
30423
30424
30426
30427
30428
30429
30431
30434
30441
30445
30447
30451
30457
30458
30460
30461
30463
30469
30470
30471
30480
30481
30483
30487
30492
30493
30495
30497
30499
30500
30501
30505
30508
30513
30518
30527
30531
30533
30536
30538
30540
30541
30545
30546
30548
30550
30552
30553
30564
30565
30567
30574
30575
30579
30580
30584
30585
30586
30587
30589
30596
30605
30606
30611
30613
30614
30619
30623
30629
30631
30632
30634
30636
30641
30644
30651
30653
30654
30656
30657
30660
30662
30665
30667
30673
30674
30683
30690
30691
30694
30695
30697
30700
30708
30710
30712
30714
30719
30724
30729
30742
30744
30745
30746
30747
30748
30749
30753
30755
30758
30761
30762
30764
30767
30768
30769
30770
30776
30778
30783
30786
30788
30795
30798
30799
30801
30803
30807
30808
30811
30813
30815
30816
30817
30819
30825
30826
30831
30832
30834
30835
30841
30842
30844
30848
30854
30856
30859
30861
30867
30870
30872
30875
30878
30881
30893
30896
30901
30902
30907
30908
30915
30916
30917
30919
30922
30929
30935
30937
30944
30945
30946
30947
30949
30957
30959
30960
30963
30964
30974
30975
30976
30977
30978
30979
30981
30983
30988
30989
30994
30996
30998
31000
31001
31003
31008
31009
31011
31013
31018
31020
31023
31026
31028
31029
31030
31032
31033
31035
31036
31040
31048
31049
31052
31053
31054
31061
31070
31071
31073
31074
31075
31076
31079
31080
31082
31083
31090
31094
31096
31100
31102
31104
31107
31108
31110
31111
31112
31119
31120
31123
31124
31126
31127
31131
31132
31136
31139
31144
31148
31153
31154
31157
31160
31168
31169
31172
31174
31176
31177
31178
31179
31180
31185
31188
31191
31200
31202
31212
31218
31219
31221
31223
31227
31229
31231
31238
31243
31244
31246
31250
31252
31259
31260
31262
31271
31273
31277
31281
31282
31283
31286
31287
31290
31291
31292
31293
31303
31305
31308
31309
31314
31315
31319
31321
31322
31323
31324
31329
31331
31333
31336
31337
31338
31343
31346
31348
31354
31362
31369
31371
31377
31379
31381
31385
31387
31390
31393
31395
31397
31401
31404
31405
31407
31409
31411
31413
31414
31416
31417
31419
31421
31423
31424
31425
31429
31431
31441
31443
31446
31447
31452
31454
31457
31461
31463
31467
31468
31477
31478
31483
31486
31488
31490
31491
31494
31495
31501
31505
31507
31509
31510
31511
31515
31517
31519
31520
31523
31524
31527
31530
31531
31533
31534
31535
31542
31545
31546
31548
31549
31550
31553
31554
31556
31557
31558
31559
31560
31563
31570
31574
31576
31580
31582
31583
31587
31588
31589
31592
31593
31597
31598
31600
31602
31605
31607
31609
31610
31612
31617
31621
31624
31631
31633
31634
31636
31638
31641
31646
31648
31649
31656
31659
31661
31665
31668
31682
31687
31688
31689
31692
31695
31696
31697
31698
31699
31702
31703
31704
31710
31712
31714
31716
31718
31719
31725
31727
31729
31734
31736
31737
31742
31743
31750
31755
31759
31763
31765
31767
31770
31775
31779
31781
31782
31783
31790
31795
31798
31802
31807
31808
31809
31811
31815
31816
31822
31825
31830
31831
31832
31833
31842
31843
31845
31852
31856
31859
31860
31863
31866
31873
31874
31876
31878
31881
31884
31887
31892
31904
31905
31907
31912
31916
31918
31923
31926
31928
31930
31932
31935
31938
31939
31941
31942
31945
31948
31950
31955
31957
31958
31960
31962
31965
31969
31970
31973
31976
31978
31980
31982
31985
31986
31987
31991
31992
31993
32000
32005
32006
32007
32008
32011
32012
32013
32017
32018
32019
32022
32028
32030
32034
32039
32043
32044
32047
32048
32049
32051
32052
32054
32056
32059
32061
32065
32069
32071
32073
32080
32086
32087
32088
32090
32091
32098
32101
32104
32108
32109
32110
32114
32115
32123
32129
32131
32133
32134
32136
32139
32146
32149
32151
32152
32155
32158
32160
32162
32163
32167
32168
32171
32176
32181
32184
32185
32189
32196
32198
32201
32205
32206
32220
32221
32223
32224
32233
32234
32235
32237
32240
32244
32246
32251
32260
32262
32263
32266
32270
32277
32282
32283
32289
32290
32291
32293
32296
32297
32304
32306
32307
32312
32313
32314
32321
32323
32325
32327
32332
32333
32339
32341
32342
32347
32349
32351
32353
32355
32356
32363
32370
32377
32378
32379
32385
32387
32388
32394
32397
32400
32407
32408
32410
32412
32414
32415
32419
32423
32424
32429
32448
32454
32464
32466
32471
32472
32474
32477
32478
32483
32484
32486
32487
32488
32490
32491
32494
32495
32509
32510
32516
32523
32528
32529
32530
32534
32537
32542
32543
32545
32546
32547
32548
32549
32555
32556
32557
32558
32559
32560
32562
32566
32567
32569
32571
32575
32586
32588
32596
32605
32607
32609
32610
32621
32622
32625
32627
32628
32632
32634
32637
32639
32643
32644
32645
32646
32649
32650
32652
32656
32657
32659
32667
32668
32669
32670
32671
32675
32683
32686
32687
32688
32689
32691
32693
32694
32695
32698
32699
32706
32707
32708
32711
32719
32720
32724
32725
32728
32733
32734
32737
32742
32744
32745
32752
32758
32759
32761
32765
32766
477
0
1
2
3
4
5
6
7
8
9
10
11
12
13
14
15
16
17
18
19
20
21
22
23
24
25
26
27
28
29
30
31
32
33
34
35
36
37
38
39
40
41
42
43
44
45
46
47
48
49
50
51
52
53
54
55
56
57
58
59
60
61
62
63
64
65
66
67
68
69
70
71
72
73
74
75
76
77
78
79
80
81
82
83
84
85
86
87
88
89
90
91
92
93
94
95
96
97
98
99
100
101
102
103
104
105
106
107
108
109
110
111
112
113
114
115
116
117
118
119
120
121
122
123
124
125
126
127
128
129
130
131
132
133
134
135
136
137
138
139
140
141
142
143
144
145
146
147
148
149
150
151
152
153
154
155
156
157
158
159
160
161
162
163
164
165
166
167
168
169
170
171
172
173
174
175
176
177
178
179
180
181
182
183
184
185
186
187
188
189
190
191
193
194
195
196
197
198
199
200
201
202
203
204
205
206
207
208
209
210
211
212
213
214
215
216
217
218
219
220
221
222
223
224
225
226
227
228
229
230
231
232
233
234
235
236
237
238
239
240
241
242
243
244
245
246
247
248
249
250
251
252
253
254
255
256
257
258
259
260
261
262
263
264
265
266
267
268
269
270
271
272
273
274
275
276
277
278
279
280
281
282
283
284
285
286
287
288
289
290
291
292
293
294
295
296
297
298
299
300
301
302
303
304
305
306
307
309
310
311
312
313
314
315
316
317
318
319
320
321
322
323
324
325
326
328
329
330
331
332
333
334
336
337
338
339
340
341
342
343
344
345
346
347
348
349
350
351
352
353
354
355
356
357
358
359
360
361
362
363
365
366
367
368
369
370
371
372
373
374
375
376
377
378
379
380
381
383
384
385
386
387
388
389
390
391
392
393
394
395
396
397
398
399
400
401
402
403
404
405
406
407
408
409
410
411
412
413
414
415
416
417
418
419
420
421
422
423
424
425
426
427
428
429
430
431
432
433
434
435
436
437
438
439
440
441
442
443
444
445
446
447
448
449
450
451
452
453
454
455
456
457
458
459
460
461
462
463
464
465
466
467
468
469
470
471
472
473
474
475
476
477
478
479
480
481
482
