483
1027
1028
1029
1030
1032
11
12
1037
13
14
1038
1040
16
20
1049
25
1050
30
1054
1058
34
37
40
41
1067
1068
44
1069
48
1073
52
1076
1077
53
1079
56
1081
60
1084
1086
1087
63
1091
1095
76
78
79
1103
81
1106
82
1107
83
1109
1111
1112
88
90
91
1115
1116
93
94
96
1124
1129
1130
107
1132
1133
109
111
1135
1136
1138
115
1139
118
1143
120
1145
1146
1151
1152
1153
131
133
1161
137
139
140
146
147
149
152
1179
1180
1182
159
1185
1187
165
167
169
170
174
1201
181
182
1207
1208
184
1212
192
1216
193
194
1219
1221
200
1228
206
1231
209
1234
214
1239
1242
220
221
227
1252
1253
230
232
1257
236
1264
1266
1269
1272
248
249
1274
251
1275
1276
254
257
1281
258
1284
1286
1289
1290
1291
1292
1302
1304
280
282
283
294
1319
1320
1322
1324
1326
302
1329
1330
310
311
1336
313
1338
321
1348
330
1357
337
338
339
1363
1364
342
343
1371
1373
350
351
352
1377
357
359
1386
363
364
1389
366
367
369
370
1397
1398
379
381
388
1414
1415
392
393
1420
1423
1427
409
410
1434
1435
1438
416
1441
417
421
1448
1451
1452
1453
1454
1457
1458
438
1463
444
1469
454
1479
1480
1481
1482
461
1485
465
1494
1496
1497
473
481
1505
487
1512
489
491
494
1518
495
497
499
501
1525
1528
1529
507
509
515
1541
1543
519
1545
523
524
1549
529
532
536
537
1565
1566
1567
544
545
548
1572
1573
549
550
554
558
561
1587
563
1588
1590
567
1592
571
572
1596
1601
1603
579
583
1608
587
588
1613
591
1615
594
1620
597
1624
601
605
1631
609
610
613
615
1639
1642
1643
1644
627
1652
628
633
640
641
643
1668
1670
647
648
1673
652
654
661
1686
1688
1690
1691
671
681
687
688
689
693
699
1724
701
703
1727
704
1728
1729
706
1730
1732
709
712
1740
717
718
719
1749
1751
1752
730
1755
732
1756
737
1761
739
1763
740
1765
745
1772
748
1774
750
752
1780
757
758
760
761
1789
1790
770
1802
1803
781
782
1807
1808
785
1810
787
1812
788
790
794
798
1823
803
804
805
806
1832
809
811
1838
815
1841
1844
822
823
824
1852
1854
1855
835
837
838
839
841
843
844
845
848
849
851
852
853
856
859
862
863
864
866
867
870
872
874
879
882
885
907
908
910
911
916
917
920
921
924
925
928
932
933
940
946
948
954
964
970
972
982
983
985
986
999
1001
1008
1009
1010
1012
1016
1019
1021
143
0
1
2
3
4
5
6
7
8
9
10
13
14
15
16
17
18
19
20
21
22
23
25
26
27
28
29
30
31
32
33
34
36
38
39
40
41
42
43
44
45
46
47
48
52
53
54
55
56
57
58
59
60
61
62
63
65
66
67
68
69
70
71
72
73
74
76
77
78
79
80
81
82
83
84
85
86
87
89
90
91
92
93
94
95
96
97
98
99
100
101
103
104
105
106
107
108
109
110
111
113
114
115
116
117
118
119
120
121
122
123
124
128
129
130
131
132
133
134
135
136
137
138
142
143
144
145
146
147
148
149
150
151
153
154
155
156
157
158
159
160
161
162
