4964
0
4
8197
8
8200
9
8203
8205
14
8206
8207
17
21
22
8214
8215
26
8218
8219
28
8221
29
30
31
8223
32
8225
33
8227
36
8229
39
8231
40
43
8237
8238
48
8240
49
8241
50
8243
8244
53
8245
8246
56
57
8249
58
8250
8251
8252
61
8253
8256
65
8257
67
8259
70
8262
8263
8264
76
8268
78
8270
81
8273
82
83
8275
85
86
88
8283
8285
94
96
99
8291
100
8293
102
103
8298
8300
109
8303
8304
113
116
117
118
8310
8311
121
8313
123
8315
8316
126
127
8319
128
8320
8321
130
131
132
8324
8325
8326
136
8329
138
8331
140
141
142
143
8335
8336
8338
8339
149
151
8344
155
8347
156
157
8350
159
160
8352
164
165
166
8359
8360
169
171
8364
173
174
176
8368
177
8369
8370
182
8375
184
185
8379
8380
189
8381
8382
191
192
8384
8385
195
8388
197
8389
199
8391
200
8392
8393
8394
203
8395
8396
205
8397
206
208
209
210
211
8403
212
213
8406
8409
218
8410
219
221
8415
225
8419
8420
229
8421
8422
232
235
236
237
8429
238
8431
242
244
8436
8437
246
248
251
8444
257
258
8450
260
8452
261
262
263
264
8456
265
8459
268
8460
8463
274
8467
277
278
282
283
8476
284
8477
285
286
8479
289
291
293
8486
8490
8491
300
8492
8493
8497
305
307
8500
310
311
8504
315
8508
317
318
8510
8512
8513
8514
322
8515
326
8518
8520
329
8522
8524
333
8529
339
8531
340
341
8533
342
8534
343
344
8538
8539
348
8540
349
8542
353
354
8546
356
357
8550
360
8555
8556
8557
366
8559
8560
8561
372
8565
8567
376
8568
8569
8570
379
380
381
8574
383
384
8576
390
8582
391
396
398
399
8591
401
8593
403
8597
8598
8599
408
409
410
411
8603
414
8606
8607
8608
417
8609
419
8611
421
8614
8615
8616
425
8617
426
8619
8620
8621
430
431
8624
433
434
8631
440
8632
8633
442
8635
444
445
8637
446
8640
450
8642
8643
452
453
8647
457
458
8650
8651
8652
461
462
8654
463
8657
466
467
8659
8660
469
8661
471
472
473
474
8666
476
8668
478
479
8671
480
481
8675
486
8678
8679
489
8681
8683
8684
493
8685
8687
495
496
497
498
499
503
8696
8697
8698
8699
508
8700
509
510
8702
511
8703
8705
514
8706
515
8707
517
8711
519
520
8712
522
8714
526
8718
8719
528
8720
529
8721
530
531
8725
535
537
8729
8730
539
8731
541
544
8736
8737
8738
549
8744
8745
555
8747
556
8748
557
558
8751
560
8754
562
8756
567
8759
568
8760
569
571
8763
572
8764
8765
8766
8768
577
578
580
8773
8774
8775
584
8776
8777
585
586
8778
587
8779
588
8780
591
8783
592
8784
8786
595
8787
8788
598
8793
8796
8798
8799
608
610
612
8804
614
8806
616
8808
8809
618
619
620
8812
8813
8815
8817
8818
627
8822
8825
8827
636
637
8839
8840
649
8841
650
8842
8843
654
655
8847
8848
657
8851
661
662
8854
8856
664
665
668
8860
8861
670
672
8864
673
8866
8868
677
8870
8872
682
8874
683
8876
685
8877
686
8878
687
8881
690
8882
8885
694
8886
8887
8889
698
699
8892
8894
8895
704
8899
8900
8901
710
8902
8903
712
8904
714
716
8908
718
8911
720
8913
8914
8915
8916
725
8917
8918
727
728
734
8926
735
736
738
8930
8931
8933
8934
744
749
8941
750
751
752
8944
753
8945
754
755
760
761
8953
762
8955
764
765
766
8959
768
8961
769
771
8964
773
8965
774
8966
775
8967
776
778
8970
779
8971
781
8973
8975
8977
785
787
8982
791
8983
792
8984
794
795
8987
8988
8989
8990
799
8991
800
802
8995
804
8996
805
8998
806
809
810
9002
812
9005
9006
816
9008
9009
9010
9012
9013
822
823
824
9016
9018
9020
829
831
832
9024
9025
9026
9027
837
9029
838
839
9031
9032
9033
9034
844
9037
846
9038
847
848
9041
9044
9046
9047
857
858
9050
859
9051
862
9054
863
9056
9057
865
866
867
9060
9062
9063
871
9065
875
9068
877
9069
9074
883
9075
885
9077
9078
9079
9080
9081
890
891
9083
892
9084
893
9085
894
9086
899
9093
903
905
906
9099
908
9101
910
911
9104
9106
9109
918
9111
9112
921
9113
923
9119
9121
929
9122
930
9127
9129
937
938
9130
939
940
9132
9134
9137
947
9139
948
9140
949
9141
950
952
9144
953
956
9149
958
9150
960
9152
961
9153
962
9154
9155
9156
966
9158
9162
972
9164
9165
9168
982
983
9176
985
986
9178
9179
987
9181
990
9183
993
9185
9186
995
9188
998
9190
1000
9195
1006
1007
9199
9200
1009
9201
1010
9203
1012
1013
9205
1015
1017
9210
1022
9214
1023
9216
1025
9218
9219
9220
1029
1030
9223
9226
1035
9227
1037
9230
9232
1042
9234
9237
1046
9238
1047
9243
1052
9246
9248
1056
9249
9251
1061
1064
9256
1065
9258
1068
9260
1069
1071
1072
1074
1075
1076
9268
9270
1080
1081
9273
1082
9275
9277
1088
1089
9281
9282
9283
1093
1094
9286
1095
1101
9293
1102
1103
1105
1108
1109
1110
9304
1113
9305
9306
9307
1116
1117
1118
9313
9314
1123
9315
1124
9316
9317
1126
9318
1127
1128
9320
1129
9325
1134
9327
9328
9329
1139
9331
9333
9334
1143
1144
1148
9340
9341
1151
9344
1154
1155
1156
1157
1158
1160
1162
1163
9355
1164
9356
9357
1166
1167
1168
9360
9362
1171
1172
9365
1176
1177
1178
9371
1180
9373
1181
9379
9381
1190
9382
9383
1192
9385
9386
9387
1197
1200
9395
9397
9398
1207
9399
9401
1209
1210
9402
9403
1214
9407
9408
1218
9410
1219
1220
9413
9415
9416
1228
9420
9421
1230
9423
9424
9425
9426
1238
9431
9432
1242
9434
1244
9436
9437
1253
9445
9446
1256
9448
9449
1258
9451
1260
1261
1263
9456
9457
9458
9459
1271
1272
1277
1280
9474
9477
1288
1289
9482
1292
1293
1295
1296
9488
1297
9491
1301
9493
1304
9497
1306
9498
9499
9500
1309
9501
1310
9504
1313
9505
9506
1314
1315
9507
9508
1317
1318
1319
9511
1320
9512
1321
9513
1322
9514
1323
9515
1326
1327
9519
9520
1329
9521
9522
1331
9523
9525
9526
9529
1339
1341
1343
1344
1345
1346
9538
1348
9541
1350
9542
9543
1353
1356
1357
1358
9550
1359
9551
1361
1364
9556
9557
1365
9559
9560
9561
1370
1372
1373
9565
9566
9567
9569
9570
9571
1379
9574
1383
1384
9576
9578
9580
9581
1390
1391
1392
9584
1394
9586
1396
1397
9589
9591
1400
1401
1402
9597
9599
9601
9602
9603
9604
1413
1416
9609
1418
9610
1420
9612
9614
1423
1424
9617
9618
9619
9620
1429
9622
9623
1433
9627
9628
1438
9631
1440
1441
9633
1442
1443
9638
1447
1448
1450
9642
1452
9644
9646
9648
9650
9652
9655
1463
9656
1465
1466
9658
1467
9660
1469
1470
9662
1472
9664
1473
1474
9666
9667
1477
9669
9671
1481
9674
1483
1484
1485
9680
1490
9683
1491
1492
9687
9688
9692
1501
9693
9696
9697
1506
9698
1508
9702
9703
9704
1515
9707
9710
1519
1520
9713
9715
1524
9716
1526
1527
1528
9720
1529
1530
9722
1532
9724
9725
9727
1536
9728
1538
9730
9734
1543
9736
1545
9738
1547
9739
9741
1550
1551
9743
1552
9744
1554
1555
9748
1557
1558
1559
1560
9753
9754
1563
1565
1566
1569
1572
9767
9768
9769
1578
9772
1581
1582
9774
1583
9775
1584
1587
1588
9780
1589
1592
9786
1595
9788
1596
9792
1600
1601
9793
1603
1604
1606
1608
9801
1610
1611
1612
9804
1613
9805
1615
1616
9808
1621
9813
1623
9815
1626
1627
9822
9823
1633
9825
1634
9826
9827
1636
1637
9829
1638
1639
9831
9833
9834
1643
9836
1648
9840
1650
9842
9844
1652
9845
9848
9849
1658
9851
1660
1662
9855
1664
9857
1667
9859
9861
1670
9862
1671
9863
9864
1673
9866
1674
1676
9869
1678
1680
1681
9873
9875
9876
1685
9877
1686
9878
1687
9879
9880
1689
1694
9886
1695
9887
1696
9889
1698
1699
1700
1701
9893
1702
1703
9895
1704
9899
9900
1709
9901
1710
9902
1711
1713
1715
9907
1716
9908
1717
1718
9911
1721
9913
9914
9915
1724
1726
9919
1728
9922
1731
9923
9924
1733
1734
9926
1739
9932
1743
9935
1744
9937
1745
9938
1748
9942
9943
9944
9946
9948
9949
9951
9952
9953
1764
9956
1765
9957
1766
9958
1767
1768
9960
1769
9961
1770
1771
9963
1773
9965
1774
1775
9969
1777
1778
9970
1779
9971
9972
1781
9973
9975
1783
9976
1786
9978
1788
1789
1790
9982
9983
1793
9985
1795
9987
1796
9988
1797
1798
9990
1799
1801
9993
1802
1803
9995
1804
1805
1806
1807
9999
1809
1812
10006
10007
1816
1817
1818
10010
1820
10014
10016
10018
10020
10021
1829
1831
10024
1834
1835
10027
1837
10029
10030
10031
1839
10032
1842
10034
10035
10036
10037
1846
1847
1848
10040
1850
1851
10043
1852
10044
1853
10045
1856
10048
1857
10049
1860
10052
1861
1862
1863
10056
1865
10058
10063
1871
10065
10066
1875
1876
10068
1877
10069
10071
1880
1882
1885
1886
10078
1887
1888
10080
1889
10081
10083
1892
10084
10085
1894
1895
1896
10089
1898
10090
10091
1900
10092
1901
10093
10094
10095
1905
10097
1907
1908
1909
10101
1910
10106
1914
1915
1917
10109
1922
10115
10116
10119
1927
1930
10123
10124
1933
1935
10128
1937
10130
10131
10133
1942
1945
10137
1946
10138
1947
10139
1948
1949
10142
1951
10146
10148
1957
1958
10151
1960
10152
10153
10156
1965
10157
1967
10159
1968
10160
1969
10161
10162
1971
10164
10165
1974
10166
10168
1977
10169
10172
10174
1982
1983
1984
10176
1985
10178
1988
1989
10181
10183
10186
1995
1996
1997
1999
2000
2001
10194
10195
2004
10197
2007
10200
2009
10201
2010
2012
10204
2013
10207
2016
10208
2018
10210
2019
2020
10212
2021
10213
10215
2026
2028
2030
10225
10226
10229
10231
2039
2041
10233
10236
2045
10238
2049
10242
10243
2052
10244
2054
10246
2056
2058
2059
10251
10252
2061
2062
10254
2064
10256
2066
10258
2067
10259
2070
10262
10264
10265
2073
2074
2075
10267
2076
10269
2078
10270
2079
10271
10273
10274
10276
2086
2087
2088
10282
2091
10284
2093
10286
10287
2096
10289
10290
10291
2100
2101
10293
2103
10299
10301
2111
2113
2114
10308
10309
2119
10311
2121
2122
10314
2123
2125
10317
10319
10320
2130
2131
2132
2134
10326
2136
10329
2141
10335
2143
10336
2144
2145
10337
2146
2148
2149
10344
2153
10346
10347
2156
2158
2159
10351
10353
2162
10354
10355
10357
10358
2167
2168
10360
2170
10363
10366
2175
10368
10369
2179
10371
2180
10372
2182
10374
2183
2184
2185
10378
2188
10380
10381
2190
10382
10384
10386
10387
10388
2197
10389
10390
2200
10392
10395
2204
2205
10398
2208
10402
2212
10404
2213
10405
2214
2215
10408
2217
10409
2218
10411
2220
10413
10415
2224
10417
2227
10420
2229
10421
10422
10424
2233
10425
2236
2237
10429
2238
10431
2240
10433
2243
10436
2245
10437
2246
10438
10439
2247
2249
2250
10446
2255
10447
2257
10449
10452
2261
2262
2264
2265
2267
10459
10461
10462
2274
2276
2278
10473
10474
10475
2284
10479
10480
10481
10482
2291
10484
10487
2296
2299
10491
2300
10492
10493
2302
10494
2303
10497
2308
2310
10502
2311
10503
2313
2314
2319
10511
2320
10515
2324
2326
10518
2329
2330
10522
10523
2332
10526
2336
2338
10530
10532
2341
10533
2343
10535
2344
10538
2347
10539
2349
10542
2351
10543
2353
2354
10546
10547
2356
10548
2357
2358
10551
2359
2360
10552
2361
10553
2362
10555
2363
2364
10557
2367
10560
2369
2370
10562
2371
10565
2374
10566
2376
10568
2377
2378
10570
10571
2381
10574
2383
10576
10579
10581
2390
10583
2392
2394
10586
2395
2396
2398
10592
10593
10594
10595
2405
10598
10599
2407
10601
2410
10603
2413
10606
10607
2417
10609
2418
10610
10612
2421
2422
2423
10615
10616
2425
10618
10619
10628
10629
2438
10630
2439
10631
10633
2442
10635
2444
10636
10638
2447
10640
10643
10645
2455
10647
10648
10649
10650
2459
10651
10653
2462
2464
10658
2467
10660
10662
2470
10664
2474
2476
2479
2480
2482
2483
10676
10678
2487
10679
10680
2489
10681
10683
2492
2493
2494
10686
2495
2496
10690
2500
10692
10693
2502
10695
10696
2506
10698
2508
2509
2512
10705
10706
2515
10708
2519
2520
10713
2523
10715
2524
10716
2526
2528
10720
10721
2530
2531
10723
2533
2534
2535
2537
10729
2538
10731
2539
2541
2545
10737
2546
10738
10740
2549
10743
2552
10744
2556
10749
2558
10751
2560
2562
10754
2563
10755
2564
10756
2565
10757
2566
10758
2568
10762
2571
2572
2573
10765
2574
10766
2575
2576
10768
10769
2579
10771
2580
10772
10775
2589
10781
2590
2591
10783
2592
10784
2595
2596
2599
2600
2601
10793
2602
10796
2604
2605
10797
2606
10798
10799
10800
2610
2611
10804
2612
2613
10805
10806
10807
2616
10808
2617
10812
2622
2623
10817
2626
10818
2627
10820
2629
2630
2631
2632
10824
2633
10826
2635
10828
2638
10830
2639
2640
10832
2641
10833
10834
2643
10837
2646
10838
10839
2648
10841
10843
2652
2653
2656
2657
2658
10851
2660
10854
2663
2664
10856
2665
2666
2667
2668
10861
2670
10862
10863
2672
2673
10865
10868
2677
10869
2679
10871
2680
10873
10874
10875
10877
10879
10880
2689
10883
2691
2692
10884
2693
2694
10887
2696
10888
2698
2702
2703
10897
2707
10899
10900
10902
2711
10903
2713
10905
2714
10906
2715
2716
2718
10911
2719
2721
10913
2722
10914
2725
2727
10919
2728
10921
10923
2732
10925
2734
10926
10928
10929
2742
10934
2743
10935
2744
10937
10938
10941
2751
10943
2754
10947
10948
10950
2760
2762
2763
10956
10957
10958
10959
2768
10960
2771
10963
10964
2773
10965
2775
10967
2776
2777
2778
10970
2781
10974
10975
2784
2785
10978
2789
2790
2791
10983
10985
2794
10986
10987
2796
10988
10989
2798
2799
10991
10993
2802
10997
2807
10999
11000
11001
11003
2812
11004
2815
2816
2817
11013
2822
11016
11017
2827
11020
2829
11021
2830
11022
11023
11025
2836
2837
2838
11030
11031
2840
11033
2843
2844
11037
2847
2850
11042
2851
11043
11044
11045
11046
11047
2855
2858
2859
2860
2861
2863
11055
2864
11056
2865
2867
11059
2868
2870
2873
11066
11069
2878
11070
2879
11071
11072
2881
11073
2882
2884
2886
2887
2889
11082
2891
11085
11086
2894
11087
2896
11088
2897
11089
11090
11092
2903
11096
2905
2906
11098
11099
2907
2908
11100
11101
11102
2914
11107
11108
2917
11110
2921
11113
2922
2925
11118
2928
2929
11121
2930
11125
2934
11126
2935
11127
2937
11129
2938
11131
2940
11132
2941
11133
2942
11134
2944
11136
2945
2947
2949
2951
2953
11145
2954
11148
11152
2961
2962
2966
2967
11159
2969
2970
11162
11163
11164
2973
11165
11166
2975
11169
11170
11172
11173
11175
2984
2986
2987
2988
2990
11183
2992
11184
11186
11187
2997
11190
3000
3001
11193
11194
11195
3004
3005
11197
3007
3008
3009
3011
3012
11207
3016
3018
3019
11215
3025
11218
3028
11220
3030
11225
11226
11228
11230
3040
3045
3046
11238
3047
11242
3052
3054
3059
11251
11252
11253
3061
3063
11255
3064
3065
3066
11258
11259
3070
11262
11263
11264
3072
11265
3074
11267
3078
11272
3083
11275
3086
11278
3087
3088
11281
3092
11284
3093
11285
11287
3098
11290
11291
11292
3101
11294
3103
11295
3104
3107
3108
11300
11301
3112
11304
11305
11307
3116
3117
11309
11310
3119
11311
11312
11314
11316
11317
3128
3130
3131
11323
3133
11325
3134
11327
3137
3139
3140
3142
3143
3145
11338
3147
3148
11340
11342
3150
3151
11343
11345
3154
11346
11347
3157
3158
3159
3161
11353
11354
11355
3166
11358
3167
11359
3169
11362
11364
11365
11367
3176
3177
11369
11372
11373
3182
11374
11375
3184
11376
3185
11378
3187
3189
11382
3191
11384
3194
11386
3195
11388
3197
11389
3199
3201
11394
3204
3206
3207
11399
11400
11403
3212
3213
11405
3214
3215
3220
11412
11413
3222
11414
3223
11415
3224
11416
11418
11420
3229
11421
3230
11423
3234
11426
3236
11429
11430
3239
3242
3243
3244
3245
3246
11438
3247
11440
3251
3253
3255
3256
11448
11449
3257
3259
11451
3260
3263
3265
11459
11460
11462
11463
3272
3274
11469
3278
11470
11475
11476
3285
11477
3287
11479
11480
3290
3291
11484
11486
3296
3298
11492
3300
11495
11496
3305
3307
3308
3309
11501
3310
11503
3311
3313
11505
3314
11507
3316
11509
11510
11512
3321
11515
3324
11516
11517
11518
3328
11520
3329
11521
3330
11524
3332
3333
11525
3334
11527
11528
11529
11530
3339
3341
11533
11534
11535
3346
3350
3353
3354
3357
3361
3363
3364
3370
3373
3375
3382
3384
3387
3388
3390
3392
3393
3396
3401
3402
3403
3404
3406
3408
3409
3411
3414
3415
3417
3418
3419
3420
3421
3422
3424
3430
3434
3435
3437
3441
3444
3445
3448
3449
3450
3453
3458
3459
3461
3462
3463
3464
3468
3470
3478
3479
3482
3483
3484
3486
3488
3490
3491
3492
3494
3498
3504
3506
3510
3511
3512
3515
3517
3519
3521
3522
3525
3527
3530
3531
3533
3540
3541
3542
3543
3556
3557
3558
3562
3563
3567
3568
3569
3570
3572
3575
3579
3580
3581
3583
3585
3586
3589
3592
3593
3595
3599
3605
3607
3612
3613
3614
3615
3616
3617
3620
3622
3625
3626
3627
3631
3634
3638
3641
3644
3651
3652
3657
3659
3660
3661
3663
3664
3668
3670
3673
3674
3675
3676
3681
3683
3685
3687
3690
3692
3695
3696
3698
3702
3704
3708
3709
3710
3713
3715
3718
3720
3721
3723
3724
3727
3730
3733
3734
3735
3736
3738
3739
3741
3743
3753
3756
3761
3765
3766
3774
3777
3778
3782
3783
3789
3791
3793
3794
3796
3800
3801
3805
3808
3809
3811
3813
3815
3817
3822
3825
3826
3828
3830
3834
3839
3842
3844
3845
3846
3849
3853
3855
3856
3858
3859
3873
3874
3879
3880
3881
3882
3883
3884
3885
3886
3889
3890
3892
3896
3897
3899
3901
3904
3905
3906
3907
3908
3910
3911
3913
3914
3916
3920
3922
3926
3927
3930
3932
3934
3935
3938
3944
3951
3952
3953
3954
3955
3956
3968
3972
3973
3980
3982
3984
3985
3986
3989
3994
3995
3996
3997
4001
4003
4004
4005
4006
4007
4009
4012
4014
4015
4016
4017
4018
4021
4024
4025
4026
4028
4030
4031
4035
4036
4037
4038
4041
4042
4044
4045
4047
4054
4058
4060
4061
4062
4067
4070
4071
4072
4073
4074
4076
4080
4081
4082
4083
4084
4085
4087
4088
4089
4090
4093
4094
4097
4099
4102
4104
4107
4108
4109
4112
4120
4124
4127
4129
4131
4136
4137
4138
4141
4150
4153
4154
4155
4156
4157
4159
4160
4161
4166
4167
4170
4171
4172
4173
4174
4177
4180
4182
4184
4186
4191
4193
4194
4198
4199
4202
4203
4206
4207
4213
4214
4215
4217
4219
4221
4223
4226
4232
4233
4235
4239
4241
4243
4246
4247
4248
4253
4260
4261
4262
4263
4266
4271
4276
4278
4280
4281
4283
4285
4286
4289
4290
4291
4295
4296
4299
4300
4301
4306
4307
4309
4311
4312
4313
4314
4317
4322
4326
4330
4334
4336
4337
4339
4340
4341
4345
4349
4351
4352
4354
4357
4359
4362
4364
4366
4370
4372
4373
4378
4379
4380
4381
4382
4383
4387
4388
4389
4394
4397
4399
4402
4408
4409
4412
4413
4414
4416
4426
4434
4438
4441
4442
4444
4445
4447
4448
4449
4450
4452
4454
4455
4456
4457
4463
4464
4466
4467
4468
4469
4472
4473
4476
4477
4478
4479
4480
4482
4483
4485
4486
4487
4489
4491
4496
4499
4501
4503
4506
4507
4509
4511
4513
4514
4515
4518
4519
4522
4525
4526
4529
4530
4531
4532
4537
4539
4540
4541
4542
4548
4557
4558
4561
4565
4567
4569
4570
4577
4578
4580
4582
4584
4586
4590
4592
4593
4594
4597
4599
4600
4601
4602
4607
4608
4610
4611
4612
4613
4615
4616
4618
4620
4621
4631
4638
4641
4642
4644
4646
4647
4648
4649
4651
4654
4655
4657
4663
4664
4666
4668
4670
4671
4674
4681
4685
4690
4692
4693
4697
4700
4701
4702
4705
4707
4709
4711
4715
4717
4718
4719
4720
4725
4728
4730
4731
4732
4733
4736
4739
4742
4743
4744
4749
4750
4752
4753
4755
4758
4761
4762
4765
4766
4767
4769
4770
4771
4773
4777
4779
4780
4781
4784
4785
4787
4788
4789
4791
4794
4801
4803
4804
4805
4807
4808
4810
4811
4812
4814
4815
4816
4817
4819
4821
4822
4823
4824
4827
4828
4829
4830
4831
4833
4837
4838
4839
4843
4844
4848
4866
4867
4869
4870
4871
4876
4877
4878
4881
4883
4884
4885
4887
4888
4889
4891
4893
4896
4899
4901
4905
4911
4912
4913
4914
4919
4921
4922
4923
4929
4931
4935
4937
4938
4941
4943
4944
4947
4949
4958
4960
4961
4963
4965
4967
4969
4971
4973
4975
4978
4986
4990
4991
4992
4993
4994
4998
4999
5001
5002
5007
5010
5013
5015
5018
5020
5024
5026
5028
5029
5038
5042
5043
5045
5046
5050
5056
5059
5060
5061
5062
5063
5067
5068
5073
5074
5079
5080
5082
5083
5084
5085
5086
5087
5090
5093
5095
5104
5105
5108
5110
5112
5113
5114
5116
5120
5122
5123
5125
5126
5128
5132
5133
5134
5137
5141
5143
5144
5145
5150
5151
5152
5153
5155
5156
5159
5162
5165
5166
5170
5171
5172
5175
5176
5177
5178
5181
5182
5184
5185
5186
5189
5190
5194
5199
5201
5204
5206
5210
5212
5213
5217
5220
5223
5224
5228
5232
5235
5236
5238
5241
5244
5246
5247
5248
5249
5253
5254
5257
5258
5259
5262
5264
5270
5271
5273
5276
5278
5279
5280
5281
5289
5293
5294
5295
5300
5301
5302
5304
5307
5309
5312
5316
5317
5319
5321
5326
5328
5331
5332
5335
5336
5337
5340
5342
5343
5346
5348
5353
5354
5359
5360
5361
5377
5379
5380
5382
5383
5385
5386
5387
5388
5390
5392
5393
5394
5402
5404
5408
5411
5413
5414
5416
5417
5419
5421
5422
5423
5427
5428
5429
5432
5433
5436
5438
5439
5441
5442
5445
5448
5449
5451
5452
5456
5459
5462
5464
5468
5470
5471
5473
5474
5477
5478
5479
5481
5486
5489
5490
5491
5494
5495
5496
5499
5500
5504
5506
5508
5509
5511
5512
5514
5516
5517
5518
5519
5520
5522
5523
5524
5527
5529
5536
5537
5540
5546
5547
5548
5550
5551
5552
5553
5554
5560
5561
5562
5565
5568
5570
5572
5575
5581
5583
5584
5585
5586
5587
5588
5592
5594
5595
5602
5603
5605
5606
5610
5614
5618
5624
5627
5629
5632
5633
5635
5640
5641
5645
5647
5650
5653
5657
5661
5662
5666
5667
5668
5670
5676
5677
5678
5681
5682
5683
5684
5687
5688
5693
5696
5697
5698
5699
5704
5707
5708
5709
5712
5714
5715
5718
5719
5720
5722
5723
5727
5728
5729
5730
5731
5732
5733
5736
5737
5739
5741
5743
5744
5748
5749
5750
5753
5754
5755
5756
5758
5760
5763
5764
5766
5768
5769
5771
5778
5779
5780
5784
5788
5794
5797
5799
5800
5804
5807
5808
5814
5816
5818
5819
5821
5823
5824
5827
5828
5830
5834
5835
5836
5839
5841
5847
5851
5852
5857
5862
5863
5864
5868
5874
5875
5876
5877
5878
5880
5884
5886
5891
5892
5893
5895
5897
5899
5901
5903
5904
5907
5910
5919
5921
5922
5925
5926
5929
5934
5935
5938
5940
5942
5945
5949
5952
5958
5959
5961
5963
5966
5967
5968
5969
5971
5972
5977
5980
5982
5983
5984
5987
5988
5989
5990
5991
5993
5995
5997
5998
5999
6007
6008
6011
6016
6017
6020
6023
6028
6036
6037
6042
6045
6046
6049
6051
6056
6062
6065
6066
6067
6069
6073
6074
6075
6077
6078
6080
6083
6085
6087
6088
6091
6092
6093
6097
6098
6099
6104
6105
6107
6108
6109
6111
6112
6114
6116
6117
6119
6122
6123
6124
6125
6127
6128
6134
6142
6143
6147
6149
6150
6151
6152
6153
6155
6156
6159
6161
6165
6167
6168
6169
6170
6171
6175
6179
6181
6182
6184
6185
6189
6190
6193
6194
6197
6198
6199
6202
6204
6206
6210
6212
6216
6218
6220
6227
6228
6231
6232
6236
6238
6239
6241
6242
6243
6247
6248
6251
6252
6259
6263
6269
6270
6271
6273
6274
6278
6283
6286
6287
6289
6291
6293
6295
6298
6300
6301
6306
6309
6313
6314
6317
6319
6321
6322
6324
6325
6328
6329
6331
6332
6334
6341
6344
6351
6352
6355
6359
6360
6363
6364
6367
6368
6370
6372
6374
6376
6378
6379
6383
6385
6386
6389
6390
6392
6395
6396
6399
6400
6401
6402
6403
6405
6408
6409
6410
6411
6412
6415
6418
6422
6423
6426
6427
6428
6430
6431
6436
6437
6443
6448
6450
6452
6454
6456
6459
6461
6463
6464
6465
6467
6468
6469
6470
6474
6476
6477
6478
6480
6482
6484
6485
6486
6488
6492
6494
6496
6497
6498
6501
6502
6504
6509
6510
6516
6527
6529
6530
6533
6534
6535
6539
6540
6546
6554
6558
6559
6564
6565
6568
6573
6578
6579
6581
6584
6588
6590
6592
6597
6598
6600
6606
6607
6608
6609
6610
6611
6613
6615
6616
6618
6619
6621
6626
6634
6635
6636
6639
6640
6643
6645
6648
6649
6650
6651
6654
6656
6657
6658
6660
6661
6662
6664
6665
6667
6668
6669
6670
6671
6674
6675
6676
6680
6681
6683
6684
6686
6688
6689
6692
6695
6696
6701
6702
6706
6708
6711
6712
6713
6714
6720
6723
6733
6737
6738
6739
6740
6742
6743
6744
6745
6746
6749
6751
6752
6753
6755
6756
6758
6759
6760
6761
6762
6764
6767
6768
6771
6773
6774
6776
6779
6781
6782
6787
6788
6792
6793
6794
6795
6796
6797
6798
6800
6802
6804
6807
6809
6811
6812
6814
6815
6816
6817
6818
6819
6822
6823
6824
6825
6827
6828
6831
6832
6836
6837
6838
6840
6841
6843
6848
6850
6851
6855
6860
6861
6862
6865
6867
6872
6874
6880
6881
6884
6885
6887
6890
6894
6895
6897
6904
6906
6907
6910
6911
6912
6913
6916
6918
6921
6924
6927
6932
6937
6939
6942
6944
6945
6947
6949
6950
6951
6954
6956
6958
6961
6964
6966
6968
6970
6974
6975
6979
6980
6982
6983
6985
6987
6988
6991
6996
6998
7000
7004
7005
7007
7008
7010
7012
7013
7015
7016
7017
7021
7022
7023
7028
7030
7031
7032
7036
7037
7042
7047
7049
7050
7052
7055
7056
7062
7063
7064
7065
7068
7069
7072
7075
7076
7078
7084
7086
7087
7089
7090
7091
7095
7096
7097
7099
7101
7104
7105
7106
7111
7112
7115
7117
7119
7120
7122
7124
7126
7127
7128
7134
7135
7136
7138
7139
7142
7143
7152
7153
7154
7158
7160
7162
7164
7167
7168
7171
7174
7175
7176
7179
7180
7182
7185
7188
7190
7193
7199
7200
7201
7202
7204
7205
7208
7211
7214
7215
7216
7220
7221
7226
7227
7230
7232
7234
7237
7241
7243
7244
7245
7248
7250
7255
7259
7260
7261
7264
7268
7269
7272
7274
7276
7278
7280
7284
7285
7292
7299
7300
7301
7306
7307
7312
7315
7316
7317
7321
7322
7324
7328
7330
7332
7333
7335
7337
7340
7342
7343
7344
7350
7353
7355
7366
7367
7370
7379
7381
7382
7383
7384
7385
7390
7392
7393
7395
7398
7399
7400
7401
7403
7408
7409
7410
7414
7416
7420
7424
7425
7427
7429
7430
7431
7433
7439
7442
7445
7450
7457
7458
7459
7460
7461
7462
7463
7464
7467
7469
7470
7471
7473
7474
7475
7476
7478
7480
7481
7485
7496
7497
7498
7500
7502
7505
7512
7514
7516
7517
7518
7519
7520
7521
7529
7533
7534
7535
7536
7537
7540
7542
7546
7547
7549
7552
7553
7555
7556
7557
7559
7560
7561
7563
7564
7565
7566
7568
7570
7571
7572
7577
7579
7581
7582
7587
7588
7590
7598
7599
7602
7603
7607
7608
7609
7612
7614
7615
7617
7619
7625
7626
7628
7629
7630
7631
7633
7634
7636
7638
7639
7640
7641
7643
7645
7648
7651
7652
7653
7665
7670
7671
7679
7681
7685
7686
7689
7691
7697
7698
7700
7704
7711
7714
7717
7721
7722
7723
7726
7727
7729
7733
7735
7737
7738
7739
7740
7741
7742
7743
7747
7748
7750
7754
7755
7756
7759
7763
7766
7767
7773
7776
7778
7779
7781
7784
7786
7789
7790
7791
7792
7794
7797
7801
7805
7814
7816
7825
7828
7829
7830
7833
7834
7835
7837
7838
7842
7847
7853
7854
7855
7856
7858
7860
7865
7866
7867
7868
7870
7873
7880
7884
7885
7886
7890
7895
7896
7900
7904
7905
7907
7908
7917
7918
7919
7921
7922
7924
7928
7929
7930
7931
7932
7939
7943
7947
7950
7953
7954
7958
7960
7962
7963
7964
7968
7973
7974
7975
7978
7979
7980
7984
7985
7988
7989
7992
7993
7996
7997
7998
7999
8001
8005
8009
8010
8011
8012
8013
8014
8015
8016
8017
8021
8022
8023
8031
8033
8037
8042
8045
8048
8049
8050
8056
8057
8058
8060
8061
8064
8067
8070
8072
8076
8078
8080
8085
8086
8087
8089
8091
8094
8095
8105
8110
8111
8113
8114
8115
8120
8121
8122
8123
8124
8130
8131
8132
8135
8136
8137
8138
8140
8141
8146
8147
8149
8150
8151
8154
8156
8157
8159
8160
8162
8164
8165
8167
8168
8178
8180
8181
8183
8184
8186
8187
8189
373
0
1
2
3
4
5
6
7
8
9
10
11
12
13
14
17
18
19
20
21
22
23
25
26
27
28
29
30
31
32
33
34
35
36
37
38
39
40
43
44
45
46
47
48
49
50
51
52
53
54
55
56
57
58
59
60
61
62
63
64
65
66
69
70
71
72
73
74
75
76
77
78
79
80
81
82
83
84
85
86
87
88
89
90
93
94
95
96
97
98
99
100
101
102
103
104
105
106
107
108
109
110
111
112
114
115
116
117
118
119
120
121
122
123
124
125
126
127
128
129
130
131
132
134
135
136
137
140
141
142
143
144
145
146
147
148
149
150
151
152
153
155
156
157
158
160
161
162
163
164
165
166
167
168
169
170
171
172
173
174
175
176
177
178
179
180
181
182
183
184
185
186
187
188
189
190
191
192
193
194
195
196
197
198
199
200
201
202
203
205
206
207
208
209
210
211
212
213
214
215
216
217
218
219
220
221
222
223
224
225
228
229
230
231
232
233
234
235
236
237
238
239
240
241
242
243
244
245
246
247
249
250
251
252
253
254
255
256
257
258
259
260
261
262
263
264
265
266
267
268
269
270
272
273
274
275
276
277
278
279
280
281
282
283
284
285
286
287
288
289
290
291
292
293
295
296
297
298
299
300
301
302
303
304
305
306
307
308
309
310
311
312
313
314
315
316
318
319
320
321
322
323
324
325
326
327
328
329
330
331
332
333
334
335
336
337
338
339
341
342
343
344
345
346
347
348
349
350
351
352
353
354
355
356
357
358
359
360
361
362
363
365
366
367
368
369
370
371
372
373
374
375
376
377
378
379
380
381
382
383
384
385
386
387
389
390
391
392
393
394
395
396
397
