2191
0
1
4097
4099
5
7
8
4104
9
4105
13
4109
4110
15
16
4113
19
4115
20
4117
22
23
4119
4123
27
29
30
4127
34
38
4134
4135
4136
4137
42
4138
43
4140
4141
47
4143
48
4144
49
50
51
52
4148
53
4149
4150
4151
56
4153
58
60
4157
63
4159
64
65
4161
4162
68
69
4165
70
71
4168
74
75
4172
77
4173
78
4176
81
4179
84
4180
85
86
4182
87
88
4184
4187
92
93
95
4191
4192
97
4194
100
4196
101
103
104
105
106
107
108
4204
110
4206
4207
111
4208
4212
117
4213
4214
119
4216
4217
4218
4219
125
4221
126
4222
127
128
4224
132
4228
4230
136
137
138
4235
142
144
4241
146
4242
4243
4244
151
152
4250
155
4251
156
4252
4253
4256
162
163
164
167
4263
4265
170
4266
171
4267
172
4268
4269
173
4271
177
4273
181
4277
4279
185
4281
186
187
4283
188
4285
190
4286
191
4287
4288
4289
4290
4291
198
199
4295
200
4297
202
4298
203
4299
205
4301
4302
4303
208
4304
209
4306
211
4307
212
4308
213
4309
214
4311
217
4313
218
4314
219
4316
4317
4318
4319
224
4322
227
4325
4326
231
4328
4329
4330
235
236
4332
237
4333
238
4334
239
4335
240
4337
244
4343
4344
251
4349
254
255
4351
4352
257
258
259
4355
260
264
4360
4361
266
4362
268
4365
4366
4367
272
4368
4371
4372
278
4374
4375
280
4376
281
4377
283
284
4381
285
286
4382
4383
4386
4387
292
294
297
298
299
4395
300
302
4400
4401
4402
4405
310
4406
311
313
314
4410
315
317
318
319
320
4416
321
323
4419
325
4421
4422
4423
4424
329
330
4426
331
334
335
336
337
339
340
4437
4441
4442
347
4443
4444
4446
4448
354
4450
355
356
4452
357
4453
4454
359
360
4456
362
363
4459
365
368
4464
369
370
4467
372
373
4469
4470
376
4474
4475
4476
4477
382
4478
383
384
385
387
388
391
392
394
4490
4491
4493
401
4497
402
4498
403
4502
4504
4505
412
4509
4511
4512
417
4513
419
4516
421
4517
423
4522
427
4525
430
4526
432
4529
4530
435
4531
436
437
438
439
440
441
442
4538
443
4539
445
4541
4542
447
4543
4546
452
4548
4549
453
455
459
4555
460
4556
461
4557
4558
463
4559
464
4560
470
473
4569
475
4571
477
480
4576
4577
4580
4582
487
4584
489
490
4586
491
4587
492
493
4590
495
4591
4592
4593
498
4594
4597
502
505
4603
507
4604
4605
510
4607
4608
514
4611
521
4617
4618
4619
524
4621
527
528
4624
529
530
531
4627
4628
4629
4630
4632
537
539
540
4638
544
4640
4642
547
4644
548
550
4646
4648
553
555
556
4652
557
4654
4655
561
4657
562
4658
4659
564
566
568
569
4667
573
574
4671
576
4672
577
4674
579
4675
581
4677
4678
585
587
4684
588
4685
590
4686
591
4687
4688
595
596
597
4694
599
4696
4697
602
4701
4702
607
4703
610
4708
613
4709
4710
615
4711
616
618
619
4715
4717
622
4718
624
4720
625
4721
4722
4724
631
633
4730
635
4733
638
4734
639
4735
4736
641
4737
642
644
4741
4742
647
4744
651
652
4749
655
657
4754
660
4756
661
4757
4758
664
665
4763
668
669
670
4766
671
672
4768
674
4772
677
4773
4774
4775
680
4776
681
682
4779
684
4780
685
4781
686
691
4788
693
694
4790
4792
698
4794
700
4796
701
702
4799
705
706
4804
4805
711
712
4808
713
4809
715
4812
717
718
721
724
4821
726
732
733
737
738
739
740
742
747
748
750
751
752
755
756
759
760
763
765
768
769
770
773
774
4871
776
778
780
782
785
788
790
793
795
799
804
805
807
809
814
816
818
820
822
823
826
829
830
831
832
833
835
836
838
839
4935
841
842
4939
844
846
848
849
854
4952
857
862
4960
865
867
869
871
872
873
4971
876
4977
882
883
884
885
886
887
888
891
892
894
4992
896
897
898
901
902
4999
905
5002
909
912
916
917
920
921
922
923
924
926
928
936
937
939
941
944
945
949
951
952
954
955
956
960
966
968
970
972
973
974
975
976
5073
977
978
5075
980
983
984
986
989
990
991
993
994
996
999
1001
1003
1005
1007
1008
1012
1016
1018
1019
1021
1022
1025
5122
1026
1027
5128
1032
1033
1034
1035
1036
1037
1040
1041
1043
1048
1049
1051
1052
1057
1058
1059
5159
1064
1066
5163
1070
1072
1077
1080
1083
1084
1087
1092
1093
1095
1099
1102
1103
1104
1106
1108
1109
1110
1113
1116
1117
1120
1122
1123
1129
1130
1133
5231
1135
5234
5235
1141
1145
5244
1149
1150
1151
1152
5249
1154
1155
1156
1157
1159
1164
1165
1169
1171
5269
1173
1175
1183
1184
1189
1194
1197
1202
1208
1214
1215
1219
1220
1222
5320
1225
1227
1228
1231
1233
1234
1236
1237
1242
1244
1246
1249
1250
1252
5349
1256
1257
1259
1263
1264
1265
5361
1269
1270
1271
1272
1273
1275
1276
1277
1286
1287
1288
1289
1291
1294
1295
1297
1299
1300
1301
5397
1305
1306
1313
1321
1322
1323
1328
1329
1331
1334
5431
5433
1338
1340
1342
1343
1344
1345
1351
1353
1354
1356
1358
1359
1366
5463
1368
1371
1372
1373
1374
1375
1376
1385
5482
1386
1388
1390
1391
1393
1395
1400
1401
1402
1403
1405
1406
1408
5506
1411
1414
5512
1416
1417
1418
1419
1422
1425
5522
1427
1432
1433
1435
1438
1439
1442
1443
1444
5541
1447
1448
1450
1451
1455
1456
1457
5559
1464
1465
1468
5567
1472
1473
1474
5575
1479
1482
1483
1484
1486
1487
1489
1492
1494
1495
1496
1499
1502
1508
1509
1510
1514
1517
1518
1520
1522
1523
1525
1529
1536
1539
1542
1545
1546
1549
1554
1555
1557
1558
1559
1561
1564
1567
1568
1570
1575
1576
1577
1578
1579
1581
1584
1588
1589
1590
1591
1593
1595
1598
1601
1604
1605
1606
1610
1615
1616
1617
1618
1622
1623
1624
1627
1628
1630
1632
1638
1639
1641
1642
1650
1651
1652
1654
1658
1662
1668
1669
1672
1673
1674
1677
1679
1686
1687
1690
1692
1694
1698
1702
1704
1705
1709
1710
1716
1717
1719
1721
1727
1728
1730
1733
1735
1736
1737
1740
1741
1745
1747
1748
1749
1750
1752
1755
1759
1760
1762
1763
1768
1769
1771
1773
1774
1778
1780
1782
1783
1787
1788
1792
1793
1794
1795
1798
1800
1804
1806
1807
1808
1809
1811
1812
1819
1820
1821
1822
1824
1825
1826
1831
1833
1836
1837
1838
1839
1840
1842
1846
1848
1850
1852
1854
1855
1856
1857
1859
1862
1863
1866
1867
1868
1871
1876
1877
1878
1881
1883
1884
1888
1889
1890
1893
1897
1898
1899
1901
1903
1906
1907
1908
1911
1912
1915
1916
1918
1919
1921
1922
1923
1924
1925
1928
1929
1930
1932
1933
1935
1938
1939
1940
1944
1945
1949
1951
1952
1955
1956
1957
1959
1962
1966
1970
1971
1974
1975
1976
1977
1978
1979
1986
1989
1991
1993
1994
1997
1999
2002
2006
2008
2009
2015
2020
2024
2025
2027
2030
2032
2034
2035
2038
2041
2042
2047
2048
2049
2050
2051
2054
2055
2056
2060
2061
2062
2064
2065
2068
2069
2070
2072
2073
2074
2083
2086
2087
2088
2089
2090
2091
2092
2098
2099
2101
2102
2105
2106
2108
2109
2111
2113
2115
2118
2126
2127
2129
2130
2131
2132
2133
2136
2137
2138
2139
2141
2142
2143
2145
2146
2150
2152
2153
2154
2159
2163
2169
2170
2175
2178
2179
2182
2195
2196
2198
2199
2201
2209
2210
2212
2213
2218
2222
2223
2224
2226
2228
2229
2230
2233
2236
2237
2239
2248
2250
2251
2252
2253
2254
2260
2261
2262
2264
2265
2266
2267
2269
2273
2275
2276
2278
2279
2280
2283
2285
2289
2293
2297
2298
2299
2301
2302
2304
2305
2309
2310
2311
2315
2316
2317
2319
2320
2323
2324
2325
2326
2328
2329
2330
2331
2333
2336
2337
2338
2339
2340
2344
2345
2349
2350
2357
2358
2359
2362
2363
2364
2365
2368
2369
2373
2376
2377
2381
2383
2384
2389
2390
2391
2392
2400
2404
2405
2406
2407
2408
2409
2412
2417
2423
2426
2430
2431
2433
2435
2437
2438
2440
2441
2446
2447
2448
2450
2451
2454
2456
2458
2459
2460
2463
2464
2466
2469
2471
2472
2473
2475
2476
2479
2480
2481
2485
2487
2493
2494
2495
2497
2499
2500
2502
2509
2510
2512
2514
2518
2519
2521
2525
2526
2527
2530
2534
2535
2537
2538
2540
2545
2546
2547
2549
2550
2551
2553
2555
2559
2562
2564
2565
2567
2569
2570
2573
2577
2581
2583
2586
2587
2588
2589
2595
2601
2603
2609
2611
2612
2615
2618
2620
2622
2623
2625
2626
2627
2630
2636
2637
2639
2641
2648
2650
2651
2655
2656
2658
2662
2663
2666
2670
2680
2683
2684
2687
2688
2691
2693
2695
2697
2699
2703
2705
2706
2710
2711
2713
2714
2715
2724
2725
2726
2727
2729
2733
2735
2739
2740
2746
2748
2749
2752
2763
2764
2765
2769
2770
2771
2773
2774
2775
2777
2779
2780
2782
2783
2786
2787
2788
2793
2795
2797
2799
2800
2802
2803
2806
2807
2811
2814
2822
2824
2825
2826
2827
2832
2834
2835
2839
2840
2841
2843
2844
2848
2850
2853
2854
2859
2860
2861
2862
2864
2868
2869
2870
2872
2875
2876
2879
2880
2886
2887
2893
2895
2897
2898
2899
2905
2906
2907
2908
2909
2911
2913
2916
2917
2918
2920
2922
2923
2924
2925
2930
2932
2933
2934
2938
2939
2941
2942
2946
2947
2949
2950
2951
2952
2954
2957
2958
2959
2963
2966
2967
2968
2969
2973
2976
2977
2979
2981
2982
2985
2986
2990
2994
2996
3000
3001
3004
3006
3009
3010
3011
3013
3015
3019
3021
3032
3034
3038
3040
3041
3049
3050
3051
3053
3055
3056
3057
3058
3063
3065
3066
3068
3070
3073
3075
3076
3077
3078
3081
3083
3086
3087
3088
3092
3096
3097
3099
3104
3105
3108
3112
3113
3114
3115
3116
3119
3120
3121
3123
3125
3126
3128
3132
3135
3136
3137
3138
3143
3144
3146
3147
3149
3152
3153
3154
3155
3158
3159
3161
3162
3163
3164
3166
3168
3169
3170
3171
3172
3173
3177
3180
3184
3185
3188
3189
3190
3191
3194
3195
3196
3197
3200
3201
3202
3203
3206
3208
3209
3211
3212
3213
3214
3215
3218
3220
3223
3227
3231
3233
3236
3238
3240
3243
3245
3247
3248
3249
3250
3253
3255
3257
3265
3266
3268
3271
3272
3276
3278
3282
3283
3285
3286
3288
3290
3294
3301
3304
3305
3307
3308
3309
3310
3314
3315
3316
3319
3321
3323
3324
3328
3333
3334
3335
3336
3337
3339
3342
3344
3348
3349
3354
3356
3357
3361
3362
3364
3365
3369
3378
3379
3383
3385
3391
3393
3396
3399
3401
3402
3403
3404
3406
3407
3409
3415
3416
3421
3423
3424
3426
3428
3430
3431
3435
3436
3437
3438
3439
3441
3445
3446
3447
3450
3452
3453
3454
3455
3462
3463
3465
3467
3472
3473
3474
3475
3479
3488
3489
3492
3494
3495
3500
3502
3505
3506
3508
3509
3512
3515
3517
3518
3519
3520
3522
3528
3529
3531
3534
3536
3540
3542
3543
3546
3550
3552
3555
3556
3557
3562
3564
3565
3566
3567
3568
3570
3571
3573
3576
3578
3585
3587
3588
3591
3596
3598
3600
3601
3602
3603
3604
3608
3609
3610
3611
3616
3618
3620
3622
3623
3628
3631
3634
3636
3637
3640
3642
3647
3648
3651
3652
3654
3656
3657
3658
3661
3662
3665
3667
3669
3670
3671
3673
3675
3683
3685
3687
3688
3689
3694
3700
3701
3702
3703
3704
3707
3708
3710
3712
3718
3720
3721
3723
3724
3725
3727
3729
3731
3732
3734
3737
3739
3740
3741
3742
3744
3745
3747
3748
3754
3756
3759
3762
3764
3767
3769
3771
3773
3774
3779
3781
3784
3785
3788
3789
3790
3799
3801
3802
3805
3808
3809
3810
3811
3812
3814
3817
3818
3820
3821
3822
3827
3828
3833
3834
3835
3840
3842
3846
3849
3850
3852
3853
3857
3864
3866
3867
3868
3874
3875
3880
3881
3882
3884
3885
3888
3892
3893
3895
3904
3905
3906
3909
3910
3915
3921
3922
3924
3926
3927
3929
3931
3932
3935
3936
3937
3939
3940
3942
3945
3946
3947
3949
3950
3952
3955
3956
3960
3962
3963
3966
3968
3972
3975
3983
3985
3986
3987
3988
3989
3993
3994
3998
3999
4001
4006
4007
4011
4012
4013
4014
4015
4019
4026
4028
4032
4033
4037
4038
4040
4042
4044
4050
4051
4054
4057
4062
4065
4069
4070
4072
4078
4080
4089
4091
4092
4094
382
0
1
2
3
4
5
7
8
9
10
11
12
13
14
15
16
17
18
19
20
21
22
23
24
25
26
27
28
29
30
31
32
33
34
35
36
38
39
40
42
43
44
45
46
47
51
52
53
54
55
56
57
58
59
60
61
62
63
64
65
66
68
69
70
71
74
76
77
78
79
80
81
82
83
84
85
86
87
88
89
90
91
92
93
94
95
96
99
100
101
102
103
104
105
106
107
108
109
110
111
112
113
114
115
116
117
118
119
120
121
122
123
124
126
127
128
129
130
131
132
133
134
135
136
138
139
141
142
143
144
145
146
147
148
149
150
151
152
153
154
155
156
157
158
161
162
163
164
166
167
168
169
170
171
172
173
174
175
176
177
178
179
180
181
182
183
184
185
187
188
189
190
191
192
193
194
195
196
197
198
199
200
201
202
203
204
205
206
207
208
209
210
212
213
214
215
216
217
218
219
220
221
222
223
224
225
226
227
228
229
230
231
234
235
236
237
238
239
240
241
242
243
244
245
246
247
248
249
250
251
252
253
254
255
256
257
258
260
261
262
265
266
267
268
269
270
271
272
273
274
275
276
277
278
279
280
281
282
283
285
286
287
289
290
291
292
293
294
295
296
297
298
299
300
301
302
303
304
305
306
307
308
310
311
312
313
314
315
316
317
318
319
320
322
323
324
325
326
327
328
329
330
331
332
333
334
335
336
338
339
340
341
342
343
344
345
346
347
348
349
350
351
353
354
355
356
357
358
359
360
363
364
365
366
367
368
369
370
371
372
373
374
375
376
377
378
379
380
381
382
383
384
385
386
388
389
391
392
393
394
395
396
397
398
399
400
401
402
403
404
405
406
407
408
409
410
411
412
413
414
415
416
