6580
1
11
12
13
14
18
20
21
22
24
32
37
38
40
46
47
48
49
51
53
54
55
57
58
60
62
66
70
72
73
76
79
80
83
84
87
90
92
93
94
102
106
107
108
109
112
115
116
117
119
123
124
125
126
127
128
131
132
134
136
137
139
140
141
142
143
147
149
152
153
155
156
158
160
162
163
166
169
170
172
173
174
176
179
180
181
184
187
190
191
192
194
195
198
199
201
202
203
204
208
209
211
212
214
216
221
222
223
232
233
234
235
236
238
239
240
241
242
245
246
248
250
251
252
253
255
256
258
260
263
264
265
266
267
268
269
270
272
274
275
276
282
283
284
285
287
288
291
292
293
300
301
302
304
305
308
309
310
311
313
316
321
322
324
326
329
331
332
333
339
340
342
344
347
348
350
354
358
361
362
365
366
367
372
374
375
376
382
384
385
386
387
391
392
394
395
396
397
398
399
400
407
408
409
410
413
414
415
417
419
420
423
425
427
428
430
431
432
434
436
437
438
439
440
443
444
447
448
449
451
452
453
460
465
468
470
471
473
474
475
477
478
480
483
485
486
487
491
496
497
499
500
503
505
507
508
509
512
513
514
515
516
519
520
522
525
526
529
532
536
537
540
541
542
543
547
548
549
552
553
554
555
556
557
558
561
562
564
567
568
569
570
571
572
573
575
576
577
582
586
589
591
592
594
595
598
599
603
605
608
609
610
612
617
618
620
621
622
625
628
631
632
634
638
644
647
648
652
654
656
657
658
660
665
666
669
671
673
678
680
681
684
687
688
689
690
691
692
693
694
695
696
697
698
699
700
701
705
711
713
714
715
717
718
720
721
724
730
731
733
734
736
738
740
741
745
747
748
749
752
754
757
758
761
766
767
768
769
771
772
773
775
776
777
778
779
780
782
787
788
790
791
793
796
798
802
804
807
808
809
810
811
812
813
815
816
817
822
828
830
831
832
833
835
838
839
840
841
842
843
844
847
848
849
853
855
861
863
864
867
869
870
875
878
880
881
885
888
889
891
893
894
897
898
901
903
904
905
906
909
911
912
913
914
916
919
926
927
928
929
932
933
934
937
939
944
947
948
950
951
952
955
956
957
959
960
961
965
966
967
973
974
977
978
979
980
981
982
984
985
986
987
990
991
993
994
995
998
999
1000
1001
1003
1004
1005
1006
1008
1010
1011
1012
1014
1016
1018
1019
1020
1022
1024
1025
1026
1029
1030
1032
1033
1034
1036
1039
1042
1044
1045
1047
1050
1051
1053
1054
1056
1058
1059
1061
1066
1068
1072
1074
1076
1079
1081
1085
1086
1088
1089
1090
1093
1094
1099
1100
1103
1104
1110
1113
1117
1118
1121
1126
1129
1130
1131
1136
1140
1141
1143
1144
1146
1148
1149
1151
1152
1156
1157
1159
1160
1167
1172
1173
1174
1177
1178
1179
1182
1183
1185
1188
1193
1194
1195
1197
1199
1200
1204
1205
1209
1211
1216
1219
1220
1223
1224
1226
1227
1229
1230
1233
1234
1235
1236
1240
1241
1245
1246
1247
1252
1255
1259
1260
1261
1262
1263
1264
1270
1271
1272
1274
1276
1277
1278
1282
1284
1285
1286
1290
1292
1294
1295
1297
1299
1300
1301
1303
1304
1309
1310
1311
1312
1313
1315
1317
1318
1319
1321
1323
1325
1329
1330
1332
1334
1335
1337
1340
1342
1343
1346
1347
1348
1349
1351
1353
1356
1357
1358
1359
1360
1361
1363
1364
1365
1368
1369
1372
1374
1375
1377
1379
1383
1385
1389
1390
1393
1394
1396
1398
1399
1400
1404
1405
1406
1408
1410
1411
1412
1413
1414
1415
1416
1417
1419
1420
1421
1422
1423
1427
1430
1431
1433
1434
1435
1437
1438
1441
1442
1443
1447
1450
1452
1454
1459
1461
1463
1465
1467
1468
1469
1470
1473
1475
1477
1478
1479
1481
1482
1483
1484
1488
1489
1490
1491
1494
1496
1497
1500
1501
1502
1504
1507
1508
1510
1511
1512
1514
1516
1519
1520
1522
1527
1529
1531
1532
1533
1538
1539
1540
1541
1542
1543
1544
1546
1550
1552
1554
1560
1563
1564
1567
1568
1569
1570
1571
1573
1574
1575
1576
1577
1582
1586
1587
1589
1591
1592
1594
1599
1604
1607
1609
1611
1616
1617
1618
1619
1622
1627
1631
1633
1636
1639
1641
1642
1643
1644
1645
1647
1648
1650
1652
1653
1654
1656
1657
1661
1662
1665
1669
1671
1672
1674
1675
1682
1685
1687
1688
1691
1692
1693
1694
1695
1696
1697
1698
1700
1701
1704
1707
1708
1710
1712
1714
1715
1716
1717
1722
1723
1724
1726
1728
1730
1731
1732
1734
1735
1736
1740
1741
1742
1743
1745
1746
1747
1749
1751
1752
1754
1757
1758
1759
1766
1769
1770
1772
1774
1775
1776
1779
1780
1784
1785
1789
1793
1795
1796
1800
1802
1804
1805
1806
1811
1812
1815
1816
1819
1821
1823
1824
1825
1827
1830
1832
1834
1837
1840
1844
1850
1851
1854
1856
1859
1860
1862
1864
1868
1869
1871
1874
1876
1879
1881
1884
1886
1893
1894
1896
1898
1901
1903
1906
1907
1914
1915
1924
1927
1928
1929
1932
1940
1941
1943
1945
1948
1949
1950
1951
1953
1955
1956
1966
1967
1968
1970
1971
1973
1974
1975
1977
1978
1979
1980
1981
1982
1983
1984
1988
1989
1990
1991
1993
1998
1999
2000
2001
2004
2005
2007
2009
2011
2012
2016
2018
2020
2021
2025
2026
2028
2035
2036
2037
2039
2044
2046
2047
2049
2050
2053
2054
2057
2059
2061
2065
2067
2068
2073
2076
2077
2079
2080
2081
2084
2085
2092
2095
2096
2097
2098
2099
2100
2101
2102
2105
2106
2109
2110
2111
2116
2118
2122
2123
2127
2128
2129
2132
2140
2142
2143
2147
2148
2150
2154
2164
2166
2168
2171
2174
2175
2178
2179
2182
2186
2187
2189
2191
2192
2195
2197
2198
2199
2203
2204
2205
2206
2208
2209
2210
2211
2214
2217
2218
2223
2225
2230
2232
2236
2243
2244
2245
2246
2247
2248
2250
2251
2252
2253
2257
2260
2261
2262
2263
2266
2268
2273
2275
2277
2279
2280
2281
2283
2285
2286
2287
2290
2291
2292
2297
2300
2305
2308
2309
2310
2311
2312
2316
2319
2321
2322
2323
2324
2328
2329
2333
2334
2335
2339
2340
2347
2352
2358
2359
2361
2363
2365
2366
2367
2368
2369
2372
2375
2376
2377
2379
2381
2382
2387
2388
2390
2391
2396
2398
2399
2400
2402
2404
2407
2409
2412
2414
2416
2418
2421
2422
2424
2427
2429
2431
2433
2434
2436
2439
2440
2441
2442
2444
2446
2448
2449
2450
2451
2452
2454
2455
2458
2460
2464
2466
2467
2469
2471
2473
2477
2480
2481
2482
2483
2485
2489
2491
2494
2497
2500
2501
2503
2505
2506
2510
2515
2516
2517
2519
2521
2522
2523
2525
2526
2535
2538
2539
2540
2543
2546
2547
2548
2550
2551
2552
2553
2555
2556
2558
2561
2565
2568
2569
2570
2571
2572
2575
2577
2579
2583
2584
2585
2586
2587
2588
2592
2593
2594
2595
2596
2597
2598
2599
2601
2602
2603
2610
2612
2615
2616
2618
2624
2625
2626
2627
2628
2629
2631
2638
2641
2644
2649
2650
2652
2653
2654
2656
2661
2662
2665
2668
2670
2671
2674
2676
2680
2681
2684
2685
2690
2692
2695
2700
2701
2702
2704
2706
2707
2709
2711
2712
2713
2714
2716
2720
2726
2729
2731
2735
2737
2738
2739
2744
2746
2748
2749
2750
2751
2753
2754
2755
2762
2763
2764
2766
2768
2773
2774
2775
2777
2778
2780
2781
2783
2785
2786
2787
2788
2789
2790
2792
2797
2799
2803
2805
2806
2808
2809
2812
2819
2820
2821
2822
2825
2826
2827
2829
2830
2831
2832
2833
2836
2837
2840
2841
2844
2847
2848
2852
2856
2857
2860
2862
2863
2864
2865
2866
2868
2869
2872
2876
2878
2880
2882
2883
2885
2886
2887
2890
2891
2892
2894
2895
2896
2898
2899
2900
2908
2911
2912
2914
2916
2917
2918
2921
2922
2923
2924
2928
2931
2932
2933
2935
2936
2938
2939
2942
2946
2949
2961
2963
2964
2965
2966
2975
2976
2978
2979
2981
2982
2984
2986
2988
2990
2992
2994
2997
3000
3001
3002
3004
3005
3006
3007
3010
3011
3012
3013
3015
3019
3020
3024
3029
3030
3031
3032
3033
3034
3035
3036
3037
3039
3043
3045
3047
3051
3053
3056
3058
3059
3060
3062
3064
3065
3066
3067
3069
3070
3072
3074
3075
3079
3083
3084
3085
3086
3087
3088
3089
3090
3091
3093
3095
3098
3099
3100
3103
3104
3106
3107
3109
3113
3114
3116
3117
3122
3123
3126
3127
3134
3138
3139
3144
3145
3146
3147
3151
3155
3157
3158
3166
3167
3169
3174
3177
3178
3179
3181
3182
3183
3186
3189
3192
3195
3196
3197
3199
3202
3207
3208
3210
3213
3214
3215
3216
3217
3218
3219
3221
3223
3224
3227
3229
3232
3233
3234
3236
3237
3238
3240
3243
3251
3252
3253
3256
3259
3263
3265
3266
3269
3270
3272
3273
3274
3277
3278
3279
3280
3282
3283
3284
3287
3288
3292
3294
3295
3297
3301
3304
3305
3307
3308
3310
3311
3313
3314
3317
3318
3321
3322
3327
3330
3331
3332
3333
3335
3336
3337
3342
3343
3344
3345
3346
3349
3350
3355
3356
3358
3360
3361
3362
3366
3369
3372
3373
3375
3376
3377
3378
3385
3386
3387
3388
3392
3393
3395
3397
3401
3402
3404
3408
3409
3411
3412
3414
3415
3416
3417
3418
3426
3427
3431
3432
3434
3435
3436
3437
3439
3442
3444
3446
3448
3449
3450
3453
3454
3459
3460
3464
3465
3468
3469
3471
3473
3475
3478
3479
3480
3481
3484
3485
3487
3488
3490
3491
3493
3494
3496
3497
3498
3499
3500
3501
3503
3504
3505
3506
3512
3514
3518
3520
3522
3523
3524
3527
3530
3531
3532
3533
3538
3544
3550
3552
3554
3557
3558
3561
3566
3567
3569
3571
3573
3576
3578
3580
3581
3582
3584
3585
3586
3588
3589
3592
3593
3594
3595
3598
3599
3600
3601
3603
3605
3606
3610
3612
3614
3615
3617
3622
3623
3625
3630
3631
3638
3641
3642
3643
3645
3646
3647
3650
3652
3653
3658
3659
3660
3662
3663
3664
3665
3667
3668
3672
3674
3677
3678
3679
3681
3683
3684
3687
3688
3689
3690
3693
3696
3698
3700
3702
3703
3706
3707
3708
3709
3713
3714
3715
3717
3718
3719
3720
3724
3726
3727
3728
3730
3732
3733
3735
3736
3737
3741
3742
3743
3748
3749
3751
3754
3756
3761
3763
3765
3766
3768
3771
3772
3773
3774
3776
3780
3783
3784
3785
3786
3788
3791
3792
3793
3794
3795
3797
3799
3800
3803
3806
3810
3812
3813
3816
3821
3822
3823
3824
3825
3826
3827
3828
3831
3833
3835
3836
3837
3838
3839
3841
3843
3845
3847
3848
3849
3852
3853
3856
3857
3862
3863
3864
3865
3867
3868
3869
3870
3874
3875
3876
3879
3880
3882
3884
3886
3888
3889
3890
3892
3894
3896
3897
3899
3900
3906
3907
3910
3912
3916
3917
3918
3920
3921
3922
3923
3926
3927
3928
3929
3930
3931
3933
3942
3946
3948
3949
3952
3953
3954
3955
3956
3958
3959
3961
3963
3966
3969
3970
3972
3975
3976
3978
3979
3980
3982
3983
3986
3989
3992
3994
3995
3996
3997
3999
4001
4005
4006
4007
4008
4010
4012
4016
4017
4018
4020
4023
4025
4026
4029
4030
4033
4034
4036
4037
4038
4041
4043
4045
4046
4050
4051
4052
4056
4061
4063
4064
4070
4071
4077
4078
4082
4083
4084
4085
4086
4094
4099
4100
4102
4103
4105
4107
4108
4109
4111
4112
4116
4118
4121
4122
4123
4125
4126
4128
4131
4132
4133
4134
4135
4137
4138
4139
4145
4146
4148
4149
4150
4153
4154
4157
4158
4164
4165
4166
4170
4171
4173
4176
4178
4179
4180
4182
4183
4193
4194
4195
4196
4197
4199
4204
4205
4206
4209
4210
4211
4212
4216
4219
4220
4222
4226
4227
4228
4229
4232
4235
4237
4240
4241
4244
4247
4248
4249
4250
4251
4253
4254
4258
4259
4263
4264
4266
4268
4270
4271
4272
4274
4276
4277
4278
4279
4280
4281
4284
4286
4288
4289
4290
4295
4296
4300
4303
4305
4306
4308
4309
4316
4317
4319
4322
4323
4324
4329
4333
4334
4335
4337
4338
4339
4341
4342
4344
4352
4354
4356
4358
4362
4366
4368
4369
4371
4376
4378
4379
4380
4381
4383
4385
4387
4390
4391
4393
4394
4398
4400
4401
4402
4405
4407
4408
4409
4412
4413
4415
4416
4417
4422
4423
4428
4429
4430
4432
4433
4434
4435
4436
4439
4440
4443
4445
4449
4450
4452
4453
4455
4456
4457
4462
4464
4467
4469
4470
4471
4475
4483
4484
4485
4487
4488
4489
4492
4494
4495
4496
4498
4499
4504
4505
4507
4515
4516
4517
4519
4520
4521
4523
4524
4526
4527
4529
4531
4533
4536
4537
4542
4543
4547
4548
4549
4551
4553
4555
4556
4558
4559
4560
4563
4566
4568
4573
4574
4576
4577
4581
4584
4586
4591
4592
4594
4596
4599
4600
4601
4603
4604
4605
4607
4608
4609
4611
4616
4617
4621
4624
4629
4632
4633
4635
4641
4643
4644
4646
4647
4648
4649
4650
4651
4654
4657
4659
4660
4661
4663
4665
4666
4668
4669
4670
4671
4675
4677
4682
4683
4684
4685
4687
4688
4689
4690
4692
4693
4694
4696
4698
4701
4702
4706
4710
4711
4715
4718
4719
4721
4725
4729
4730
4731
4732
4734
4738
4739
4740
4741
4743
4748
4753
4754
4756
4757
4759
4761
4762
4763
4764
4768
4769
4774
4778
4780
4782
4783
4784
4785
4791
4792
4793
4794
4795
4796
4797
4801
4802
4804
4805
4806
4807
4808
4813
4814
4816
4817
4818
4819
4820
4823
4826
4827
4830
4831
4832
4835
4837
4840
4841
4842
4843
4844
4845
4847
4848
4850
4851
4852
4853
4854
4855
4858
4862
4865
4866
4867
4868
4869
4871
4872
4873
4874
4876
4877
4878
4883
4886
4888
4889
4892
4893
4895
4898
4899
4900
4902
4904
4905
4908
4909
4910
4911
4912
4914
4916
4917
4919
4921
4922
4925
4927
4930
4931
4933
4935
4938
4945
4946
4947
4948
4949
4951
4952
4956
4957
4959
4962
4963
4964
4966
4967
4968
4971
4976
4977
4978
4980
4982
4983
4984
4985
4989
4991
4993
4994
4995
4998
4999
5000
5001
5002
5005
5008
5011
5013
5016
5017
5018
5023
5024
5025
5026
5029
5030
5031
5033
5034
5035
5042
5043
5046
5050
5052
5053
5057
5058
5059
5060
5064
5065
5066
5071
5072
5074
5075
5076
5079
5081
5083
5084
5086
5088
5090
5091
5092
5093
5094
5095
5098
5101
5102
5105
5106
5107
5113
5114
5115
5116
5117
5119
5120
5122
5124
5125
5127
5128
5130
5132
5135
5137
5138
5139
5141
5143
5145
5146
5147
5151
5152
5153
5158
5160
5161
5163
5165
5166
5169
5171
5172
5176
5177
5178
5179
5181
5182
5184
5188
5189
5191
5192
5194
5196
5198
5199
5201
5205
5206
5207
5208
5209
5210
5212
5213
5214
5219
5220
5221
5223
5224
5225
5226
5227
5230
5231
5233
5234
5235
5236
5237
5239
5240
5241
5243
5245
5246
5249
5250
5252
5257
5258
5259
5260
5261
5263
5266
5270
5273
5274
5275
5276
5278
5279
5281
5283
5284
5287
5288
5289
5290
5292
5293
5294
5295
5296
5297
5298
5299
5300
5301
5302
5303
5305
5308
5310
5311
5314
5316
5317
5318
5319
5321
5323
5326
5328
5329
5332
5337
5338
5340
5341
5342
5344
5346
5352
5354
5355
5356
5360
5361
5367
5373
5377
5378
5379
5380
5381
5383
5384
5387
5390
5392
5393
5395
5396
5404
5407
5408
5411
5413
5414
5415
5416
5417
5419
5420
5422
5425
5432
5433
5438
5439
5440
5441
5444
5448
5450
5451
5453
5455
5457
5458
5459
5462
5463
5464
5465
5467
5469
5471
5472
5473
5474
5475
5482
5483
5487
5489
5491
5493
5495
5500
5501
5502
5503
5506
5509
5511
5513
5514
5516
5517
5518
5522
5523
5527
5528
5529
5532
5533
5535
5537
5542
5545
5546
5548
5549
5550
5553
5554
5558
5561
5562
5563
5570
5571
5572
5573
5574
5576
5577
5578
5580
5584
5585
5586
5587
5588
5589
5592
5594
5595
5597
5598
5600
5606
5607
5612
5613
5617
5618
5620
5622
5625
5626
5628
5633
5634
5635
5636
5637
5639
5640
5641
5642
5643
5645
5649
5653
5654
5657
5658
5659
5660
5661
5664
5667
5668
5670
5672
5674
5675
5676
5679
5682
5683
5684
5686
5687
5688
5689
5690
5691
5694
5699
5700
5701
5705
5706
5710
5711
5715
5718
5720
5722
5727
5728
5729
5731
5734
5741
5742
5743
5745
5746
5747
5748
5749
5750
5753
5754
5755
5756
5757
5758
5759
5760
5761
5763
5766
5769
5770
5771
5772
5774
5775
5776
5780
5781
5784
5786
5789
5790
5791
5793
5794
5796
5798
5801
5802
5803
5804
5805
5806
5808
5810
5811
5813
5814
5816
5817
5822
5823
5824
5825
5826
5831
5833
5834
5835
5844
5845
5846
5849
5851
5852
5854
5855
5860
5861
5864
5866
5867
5869
5870
5871
5874
5875
5876
5878
5879
5882
5884
5885
5886
5888
5889
5891
5893
5894
5895
5901
5902
5903
5904
5905
5911
5913
5914
5916
5918
5919
5921
5922
5928
5929
5934
5936
5938
5939
5940
5941
5945
5946
5948
5950
5953
5956
5961
5962
5965
5967
5968
5972
5978
5979
5981
5983
5984
5988
5990
5992
5994
5996
6000
6002
6003
6004
6005
6015
6016
6019
6021
6030
6031
6032
6033
6034
6035
6036
6037
6039
6041
6042
6043
6046
6047
6048
6050
6051
6052
6053
6059
6060
6061
6063
6064
6065
6066
6068
6070
6071
6074
6075
6078
6079
6083
6087
6091
6092
6094
6096
6097
6100
6102
6103
6105
6107
6109
6112
6113
6114
6117
6120
6121
6122
6124
6128
6129
6130
6132
6136
6137
6142
6145
6146
6148
6151
6152
6153
6154
6155
6156
6159
6160
6162
6163
6165
6167
6170
6171
6174
6177
6178
6184
6186
6187
6189
6191
6194
6196
6197
6201
6208
6212
6217
6218
6220
6223
6226
6227
6229
6231
6232
6234
6236
6237
6238
6239
6241
6243
6245
6248
6255
6261
6262
6263
6269
6273
6274
6275
6277
6278
6281
6282
6284
6286
6288
6289
6290
6300
6306
6307
6308
6309
6310
6312
6315
6316
6320
6322
6323
6324
6328
6329
6330
6331
6332
6335
6342
6344
6345
6347
6348
6349
6350
6352
6354
6355
6356
6358
6359
6360
6361
6362
6364
6365
6366
6367
6368
6369
6371
6377
6378
6380
6382
6383
6387
6388
6390
6391
6394
6398
6400
6402
6403
6405
6406
6407
6408
6409
6413
6414
6416
6417
6419
6420
6423
6425
6427
6428
6430
6431
6433
6439
6443
6444
6445
6446
6452
6456
6458
6463
6464
6469
6471
6473
6474
6477
6479
6482
6486
6487
6489
6490
6491
6497
6499
6500
6502
6504
6506
6511
6512
6520
6521
6522
6524
6526
6529
6531
6533
6538
6539
6542
6543
6544
6546
6548
6549
6550
6551
6553
6555
6557
6558
6560
6563
6566
6568
6569
6570
6574
6575
6576
6578
6579
6580
6582
6583
6584
6585
6586
6587
6588
6592
6593
6594
6596
6597
6599
6600
6603
6604
6605
6607
6608
6609
6614
6615
6618
6620
6621
6623
6627
6628
6629
6631
6632
6633
6635
6636
6638
6643
6644
6646
6647
6648
6650
6654
6657
6659
6660
6664
6666
6670
6672
6673
6674
6675
6679
6680
6684
6686
6687
6691
6694
6699
6700
6702
6704
6706
6707
6708
6709
6712
6715
6719
6720
6721
6722
6724
6725
6726
6731
6732
6735
6736
6737
6738
6739
6740
6741
6742
6743
6744
6747
6750
6751
6752
6753
6754
6756
6758
6761
6762
6763
6764
6765
6766
6767
6768
6769
6772
6773
6774
6775
6776
6778
6780
6781
6782
6786
6788
6792
6793
6794
6796
6804
6809
6813
6816
6821
6822
6823
6824
6828
6830
6831
6832
6839
6842
6844
6849
6852
6854
6855
6856
6857
6860
6862
6864
6865
6866
6867
6868
6869
6873
6874
6875
6876
6878
6879
6881
6883
6886
6887
6888
6889
6893
6894
6898
6900
6901
6903
6904
6905
6907
6909
6910
6912
6916
6918
6919
6922
6923
6924
6926
6927
6928
6929
6931
6936
6937
6943
6944
6946
6948
6949
6951
6952
6954
6956
6958
6960
6961
6962
6963
6965
6968
6969
6970
6972
6976
6977
6980
6981
6982
6986
6987
6988
6989
6993
6995
6998
6999
7001
7004
7009
7011
7012
7016
7018
7021
7022
7026
7028
7030
7032
7033
7035
7036
7038
7041
7043
7044
7045
7046
7047
7048
7051
7056
7064
7066
7068
7070
7071
7072
7073
7074
7077
7084
7087
7089
7090
7091
7096
7097
7100
7102
7104
7105
7106
7108
7110
7113
7114
7116
7117
7118
7120
7122
7123
7124
7125
7127
7128
7130
7132
7136
7137
7139
7140
7144
7146
7147
7149
7150
7153
7158
7166
7167
7169
7170
7174
7175
7176
7181
7186
7187
7188
7190
7191
7193
7195
7197
7198
7199
7201
7202
7203
7204
7210
7211
7212
7213
7219
7220
7221
7223
7225
7226
7230
7232
7233
7238
7239
7240
7243
7245
7247
7248
7255
7256
7257
7258
7259
7261
7268
7269
7272
7274
7276
7279
7280
7285
7286
7287
7293
7294
7295
7302
7304
7311
7312
7317
7318
7319
7320
7321
7325
7326
7327
7329
7331
7333
7335
7336
7338
7340
7341
7345
7346
7348
7350
7351
7359
7360
7361
7363
7364
7365
7366
7369
7370
7374
7375
7378
7379
7380
7382
7387
7388
7391
7396
7397
7401
7402
7408
7409
7410
7411
7413
7414
7415
7416
7418
7419
7420
7421
7423
7425
7428
7429
7430
7432
7433
7436
7437
7440
7442
7443
7447
7448
7452
7453
7454
7459
7462
7463
7465
7467
7470
7473
7474
7475
7478
7480
7481
7482
7484
7486
7487
7488
7489
7491
7493
7495
7496
7498
7503
7505
7506
7507
7510
7513
7514
7517
7519
7520
7521
7522
7526
7527
7529
7531
7534
7536
7542
7543
7545
7548
7549
7551
7553
7555
7560
7562
7565
7567
7569
7572
7573
7576
7582
7583
7584
7585
7588
7589
7590
7591
7592
7593
7594
7595
7597
7607
7610
7612
7614
7615
7617
7620
7623
7624
7625
7628
7631
7634
7636
7637
7642
7643
7648
7649
7650
7651
7653
7654
7655
7656
7659
7663
7665
7667
7668
7672
7676
7678
7679
7680
7682
7684
7687
7688
7690
7694
7695
7698
7699
7700
7701
7704
7705
7706
7707
7708
7710
7714
7717
7719
7720
7721
7725
7726
7728
7729
7733
7735
7738
7740
7742
7745
7747
7749
7753
7756
7758
7761
7763
7767
7770
7771
7772
7774
7775
7776
7777
7779
7782
7783
7784
7787
7788
7791
7792
7794
7796
7797
7798
7799
7802
7804
7805
7808
7810
7811
7814
7816
7817
7821
7823
7825
7826
7829
7831
7833
7834
7838
7840
7845
7849
7850
7851
7855
7856
7857
7858
7860
7861
7866
7867
7870
7871
7873
7879
7880
7881
7883
7890
7891
7894
7897
7900
7902
7903
7908
7909
7911
7917
7920
7921
7922
7923
7928
7931
7934
7936
7939
7943
7948
7951
7952
7953
7954
7957
7958
7961
7963
7965
7966
7967
7968
7970
7971
7972
7977
7978
7980
7983
7986
7988
7991
7994
7995
7998
8000
8004
8007
8008
8010
8011
8014
8015
8016
8017
8018
8020
8023
8024
8025
8031
8033
8034
8036
8037
8038
8042
8043
8044
8045
8046
8049
8056
8058
8059
8060
8062
8064
8065
8069
8071
8072
8074
8076
8078
8082
8084
8087
8090
8091
8093
8094
8096
8098
8099
8101
8102
8104
8107
8109
8110
8111
8113
8116
8118
8119
8123
8128
8132
8137
8139
8140
8142
8143
8144
8146
8147
8149
8150
8151
8153
8155
8157
8159
8161
8162
8165
8166
8167
8169
8172
8173
8175
8176
8178
8184
8185
8186
8192
8195
8199
8202
8203
8204
8205
8209
8213
8214
8218
8220
8221
8222
8223
8231
8234
8235
8240
8241
8243
8244
8245
8248
8251
8253
8254
8257
8259
8260
8261
8266
8269
8273
8274
8277
8279
8280
8281
8282
8284
8287
8291
8294
8297
8299
8300
8310
8311
8312
8314
8315
8316
8318
8321
8324
8325
8328
8329
8332
8334
8340
8341
8342
8343
8347
8348
8351
8352
8353
8358
8360
8362
8363
8364
8369
8370
8372
8373
8374
8375
8376
8377
8379
8380
8381
8384
8385
8388
8393
8394
8395
8396
8398
8399
8401
8402
8404
8406
8407
8412
8414
8417
8418
8419
8420
8421
8423
8424
8425
8427
8428
8429
8430
8431
8432
8434
8435
8437
8439
8440
8442
8446
8447
8456
8459
8464
8466
8468
8472
8473
8474
8476
8477
8479
8480
8481
8483
8484
8487
8488
8489
8491
8493
8496
8497
8498
8499
8501
8506
8508
8510
8511
8512
8513
8514
8517
8520
8521
8522
8523
8524
8525
8527
8528
8530
8532
8535
8536
8541
8542
8543
8549
8551
8555
8556
8557
8558
8561
8562
8563
8564
8569
8573
8574
8575
8577
8580
8586
8589
8590
8594
8596
8599
8601
8604
8605
8606
8607
8608
8610
8613
8618
8619
8620
8622
8624
8625
8626
8631
8633
8635
8637
8640
8642
8643
8644
8645
8646
8647
8650
8652
8654
8655
8659
8660
8662
8664
8665
8666
8667
8668
8669
8670
8671
8676
8679
8681
8682
8683
8684
8689
8691
8692
8700
8701
8702
8704
8706
8707
8708
8709
8711
8714
8715
8716
8719
8720
8723
8724
8726
8729
8731
8736
8737
8742
8744
8746
8749
8750
8752
8753
8754
8756
8757
8758
8759
8762
8764
8765
8766
8770
8771
8772
8775
8778
8781
8782
8785
8786
8789
8790
8794
8795
8798
8805
8808
8810
8815
8817
8821
8822
8824
8829
8831
8832
8834
8835
8837
8838
8840
8842
8843
8844
8846
8847
8849
8851
8853
8863
8864
8866
8867
8868
8872
8874
8875
8876
8879
8880
8882
8883
8885
8886
8889
8890
8893
8895
8896
8900
8903
8904
8905
8906
8909
8910
8912
8914
8917
8920
8921
8923
8924
8925
8926
8928
8930
8931
8932
8933
8934
8935
8937
8938
8939
8940
8944
8946
8948
8953
8956
8958
8959
8960
8962
8964
8966
8967
8968
8970
8972
8973
8975
8976
8979
8980
8982
8983
8984
8985
8989
8996
8998
9000
9001
9002
9003
9005
9007
9009
9012
9013
9014
9015
9021
9023
9024
9025
9027
9028
9030
9033
9034
9035
9037
9042
9044
9048
9049
9051
9054
9056
9057
9060
9061
9063
9064
9066
9067
9072
9074
9076
9078
9080
9081
9082
9084
9085
9087
9088
9091
9092
9093
9094
9099
9100
9101
9107
9109
9110
9112
9113
9115
9122
9125
9127
9129
9130
9131
9134
9141
9145
9150
9151
9153
9155
9157
9159
9161
9162
9164
9165
9167
9168
9170
9171
9172
9176
9181
9182
9183
9186
9189
9190
9191
9193
9195
9199
9200
9201
9203
9206
9207
9209
9211
9212
9213
9214
9215
9216
9217
9224
9225
9226
9227
9229
9230
9231
9232
9234
9235
9236
9238
9241
9243
9245
9249
9251
9252
9255
9256
9262
9264
9273
9274
9275
9276
9278
9283
9284
9285
9288
9290
9293
9294
9295
9298
9299
9300
9301
9302
9303
9305
9307
9308
9309
9310
9311
9313
9317
9318
9321
9322
9323
9328
9329
9330
9332
9333
9334
9337
9340
9341
9342
9343
9344
9348
9349
9352
9357
9361
9362
9363
9365
9366
9367
9370
9371
9373
9376
9381
9383
9389
9391
9393
9394
9395
9396
9399
9404
9408
9409
9410
9412
9418
9419
9431
9432
9433
9434
9437
9439
9440
9442
9446
9448
9453
9455
9461
9463
9466
9467
9469
9470
9471
9475
9478
9481
9482
9483
9484
9485
9486
9488
9491
9492
9493
9494
9496
9498
9500
9501
9502
9505
9507
9513
9515
9516
9518
9520
9525
9528
9530
9532
9535
9537
9540
9542
9544
9548
9549
9550
9551
9552
9553
9554
9555
9556
9559
9560
9561
9564
9565
9566
9567
9568
9571
9573
9576
9578
9579
9580
9584
9585
9586
9588
9590
9592
9594
9598
9599
9600
9602
9604
9609
9611
9613
9614
9615
9617
9619
9620
9622
9624
9625
9626
9627
9629
9630
9632
9633
9634
9637
9639
9641
9643
9644
9649
9651
9654
9657
9658
9668
9669
9670
9673
9676
9677
9678
9679
9680
9681
9682
9683
9688
9689
9690
9692
9694
9695
9696
9697
9698
9701
9704
9705
9707
9708
9710
9714
9715
9721
9722
9723
9725
9727
9728
9729
9730
9732
9733
9734
9737
9738
9741
9742
9743
9744
9746
9747
9749
9750
9754
9755
9756
9757
9758
9759
9762
9766
9767
9768
9769
9770
9771
9772
9777
9780
9781
9782
9784
9788
9793
9797
9801
9803
9804
9807
9808
9810
9811
9812
9813
9814
9815
9816
9818
9820
9821
9824
9826
9828
9829
9830
9833
9836
9838
9840
9842
9843
9847
9850
9851
9852
9855
9856
9857
9858
9864
9867
9868
9869
9870
9873
9878
9883
9884
9885
9886
9887
9888
9890
9895
9898
9900
9901
9903
9904
9908
9909
9911
9913
9915
9917
9919
9921
9922
9930
9931
9932
9934
9936
9938
9941
9942
9943
9944
9945
9948
9949
9952
9954
9957
9958
9962
9973
9981
9982
9986
9988
9991
9997
10001
10003
10004
10005
10006
10008
10009
10014
10017
10023
10024
10025
10026
10027
10028
10030
10032
10034
10035
10036
10040
10041
10042
10047
10051
10052
10054
10055
10057
10061
10062
10063
10064
10066
10067
10068
10071
10072
10075
10079
10080
10082
10083
10085
10087
10091
10094
10095
10096
10097
10099
10101
10102
10105
10106
10110
10111
10112
10114
10118
10119
10121
10127
10129
10131
10135
10139
10140
10142
10145
10148
10151
10157
10160
10161
10162
10164
10166
10169
10170
10173
10175
10177
10178
10181
10183
10184
10185
10193
10196
10198
10200
10202
10203
10204
10205
10206
10208
10209
10215
10216
10217
10224
10228
10230
10232
10234
10237
10242
10245
10248
10249
10254
10256
10261
10262
10264
10268
10270
10272
10277
10284
10285
10287
10289
10290
10293
10295
10299
10301
10302
10303
10306
10308
10314
10316
10317
10326
10331
10334
10338
10341
10348
10350
10351
10355
10356
10361
10371
10373
10378
10379
10380
10381
10382
10385
10392
10393
10395
10399
10400
10415
10419
10423
10425
10427
10432
10435
10452
10453
10454
10457
10458
10460
10464
10467
10470
10471
10472
10473
10478
10480
10486
10487
10488
10492
10494
10495
10497
10503
10507
10508
10509
10516
10517
10519
10520
10521
10523
10540
10546
10549
10550
10565
10570
10572
10573
10574
10576
10584
10586
10588
10594
10596
10602
10603
10606
10607
10613
10616
10617
10621
10623
10628
10632
10633
10634
10637
10638
10642
10643
10646
10651
10656
10658
10661
10662
10663
10665
10667
10671
10674
10676
10679
10680
10681
10689
10691
10696
10703
10705
10706
10711
10712
10716
10721
10724
10729
10731
10735
10737
10743
10744
10748
10755
10759
10760
10761
10764
10767
10771
10774
10775
10779
10780
10781
10785
10786
10788
10790
10794
10802
10812
10816
10818
10821
10822
10825
10831
10832
10833
10835
10838
10843
10844
10849
10854
10857
10862
10865
10867
10873
10876
10879
10880
10883
10887
10890
10895
10898
10899
10903
10908
10909
10912
10914
10915
10916
10919
10921
10926
10928
10932
10935
10937
10938
10939
10941
10942
10943
10945
10950
10951
10961
10963
10965
10966
10968
10969
10971
10972
10974
10976
10983
10989
10992
10995
10998
11002
11003
11013
11015
11016
11020
11026
11030
11037
11038
11040
11041
11045
11049
11052
11056
11059
11060
11061
11066
11068
11071
11072
11073
11076
11081
11085
11089
11091
11092
11093
11097
11100
11105
11107
11108
11110
11112
11113
11115
11118
11120
11130
11132
11133
11139
11145
11147
11155
11156
11163
11169
11171
11176
11178
11186
11187
11188
11190
11193
11196
11197
11199
11203
11205
11212
11217
11218
11222
11224
11230
11235
11237
11239
11240
11242
11244
11248
11250
11254
11256
11259
11263
11266
11267
11268
11269
11271
11272
11273
11274
11281
11286
11290
11298
11299
11301
11304
11306
11309
11317
11318
11326
11327
11328
11331
11332
11336
11340
11341
11344
11346
11348
11349
11358
11361
11367
11368
11370
11371
11372
11378
11379
11382
11387
11390
11392
11402
11405
11406
11407
11412
11413
11415
11417
11422
11423
11425
11426
11429
11432
11433
11434
11435
11436
11437
11438
11439
11445
11452
11455
11456
11458
11461
11466
11469
11473
11477
11479
11482
11484
11485
11487
11488
11492
11493
11496
11497
11500
11501
11505
11508
11510
11513
11519
11525
11527
11528
11531
11534
11537
11538
11542
11544
11548
11552
11553
11556
11558
11559
11563
11564
11566
11569
11573
11574
11578
11579
11582
11584
11586
11588
11589
11590
11594
11596
11598
11607
11608
11610
11612
11613
11617
11625
11627
11628
11639
11640
11644
11645
11646
11654
11656
11659
11661
11663
11665
11666
11667
11669
11670
11671
11672
11675
11680
11684
11686
11687
11690
11691
11692
11702
11704
11707
11712
11713
11715
11716
11725
11729
11732
11733
11738
11739
11740
11742
11755
11758
11759
11760
11761
11764
11766
11767
11771
11774
11775
11779
11780
11781
11784
11785
11787
11790
11792
11796
11800
11801
11803
11805
11807
11809
11810
11823
11827
11829
11832
11834
11836
11837
11839
11844
11851
11853
11854
11855
11856
11858
11863
11868
11869
11872
11874
11877
11878
11879
11884
11896
11898
11903
11905
11906
11907
11908
11911
11921
11928
11932
11933
11934
11941
11942
11945
11950
11951
11957
11959
11960
11962
11964
11966
11967
11968
11969
11972
11974
11975
11977
11979
11982
11983
11984
11985
11986
11988
11994
11996
12002
12003
12005
12010
12011
12014
12019
12023
12031
12032
12033
12035
12036
12037
12039
12041
12043
12044
12049
12053
12054
12058
12060
12062
12063
12069
12076
12078
12082
12083
12084
12087
12091
12092
12094
12096
12099
12101
12102
12103
12104
12105
12109
12111
12112
12116
12121
12126
12136
12138
12148
12159
12160
12161
12164
12165
12166
12167
12168
12169
12171
12175
12184
12185
12188
12189
12191
12193
12199
12200
12201
12202
12203
12205
12206
12208
12210
12211
12214
12217
12223
12225
12229
12230
12232
12234
12237
12238
12239
12242
12246
12250
12251
12252
12254
12259
12260
12265
12266
12267
12268
12270
12271
12275
12277
12278
12288
12290
12291
12292
12296
12299
12301
12302
12304
12309
12312
12316
12318
12322
12324
12330
12333
12339
12343
12349
12350
12352
12353
12354
12356
12358
12361
12365
12367
12371
12372
12374
12376
12379
12380
12386
12388
12392
12400
12401
12402
12405
12408
12409
12410
12411
12413
12414
12418
12420
12421
12422
12425
12430
12432
12435
12437
12438
12440
12441
12442
12443
12449
12453
12454
12456
12457
12458
12461
12463
12464
12467
12474
12478
12481
12487
12489
12493
12495
12499
12500
12501
12503
12505
12507
12509
12511
12512
12513
12518
12521
12522
12523
12525
12527
12530
12531
12533
12535
12540
12544
12548
12553
12558
12559
12562
12564
12571
12572
12573
12581
12582
12583
12586
12588
12593
12597
12601
12602
12603
12604
12605
12609
12610
12616
12617
12625
12632
12636
12637
12639
12643
12646
12649
12650
12651
12660
12665
12668
12670
12671
12672
12673
12683
12684
12688
12689
12691
12692
12697
12698
12700
12703
12705
12708
12711
12712
12717
12719
12726
12727
12728
12729
12731
12741
12742
12744
12749
12753
12755
12756
12757
12765
12768
12774
12778
12784
12785
12789
12790
12798
12802
12807
12809
12814
12818
12820
12823
12829
12832
12834
12835
12840
12841
12844
12845
12847
12856
12859
12860
12863
12864
12866
12867
12869
12870
12874
12875
12878
12881
12882
12885
12891
12897
12905
12909
12920
12921
12924
12925
12928
12929
12931
12933
12934
12940
12943
12945
12947
12950
12951
12956
12958
12959
12961
12969
12971
12975
12984
12987
12988
12992
12995
12997
12998
13001
13002
13004
13005
13009
13010
13018
13019
13020
13022
13024
13030
13031
13033
13038
13043
13046
13050
13053
13054
13055
13059
13062
13063
13065
13068
13069
13070
13071
13073
13075
13077
13079
13081
13084
13085
13086
13092
13094
13096
13100
13103
13104
13106
13107
13113
13114
13119
13128
13130
13132
13133
13142
13143
13145
13147
13148
13150
13154
13162
13164
13165
13166
13176
13177
13190
13191
13192
13195
13202
13203
13210
13213
13218
13219
13221
13234
13235
13236
13239
13242
13245
13246
13249
13251
13254
13255
13256
13261
13262
13264
13265
13268
13270
13274
13277
13281
13286
13287
13292
13301
13302
13303
13309
13310
13314
13316
13334
13340
13345
13347
13350
13354
13359
13361
13366
13368
13369
13371
13372
13373
13375
13377
13379
13381
13390
13397
13398
13405
13411
13414
13423
13426
13428
13429
13434
13436
13438
13439
13441
13449
13452
13457
13459
13461
13462
13463
13477
13482
13485
13496
13498
13501
13502
13503
13504
13508
13510
13512
13514
13524
13529
13538
13539
13541
13545
13546
13553
13554
13556
13569
13574
13579
13580
13585
13586
13588
13591
13592
13593
13595
13597
13600
13603
13604
13605
13606
13617
13618
13619
13624
13625
13629
13633
13639
13649
13654
13662
13665
13666
13672
13674
13676
13682
13684
13687
13699
13700
13705
13706
13711
13716
13719
13720
13726
13728
13733
13745
13748
13751
13755
13760
13764
13766
13767
13768
13771
13788
13794
13795
13798
13801
13803
13804
13807
13811
13823
13828
13832
13833
13836
13845
13846
13852
13855
13856
13858
13859
13865
13868
13870
13871
13872
13885
13887
13888
13889
13890
13892
13894
13895
13902
13905
13914
13916
13919
13923
13925
13930
13931
13932
13933
13935
13936
13939
13943
13945
13946
13953
13956
13958
13962
13965
13967
13973
13974
13975
13976
13978
13979
13980
13981
13985
13990
13992
13995
14008
14010
14013
14015
14016
14017
14027
14030
14031
14032
14033
14036
14042
14043
14044
14046
14048
14050
14052
14063
14065
14071
14073
14074
14077
14078
14080
14081
14083
14084
14086
14088
14092
14093
14094
14095
14102
14104
14108
14110
14118
14120
14121
14127
14129
14131
14135
14141
14145
14155
14156
14158
14160
14163
14164
14166
14167
14168
14173
14178
14180
14188
14189
14190
14191
14199
14202
14204
14205
14207
14210
14212
14216
14217
14219
14227
14231
14233
14234
14238
14239
14240
14243
14247
14248
14249
14250
14251
14252
14253
14255
14256
14262
14264
14268
14273
14278
14279
14284
14289
14293
14297
14300
14302
14303
14304
14308
14309
14310
14312
14316
14319
14320
14321
14322
14323
14326
14329
14333
14343
14344
14350
14351
14355
14357
14361
14362
14365
14367
14374
14383
14384
14386
14389
14391
14392
14394
14396
14400
14404
14411
14414
14421
14425
14431
14432
14434
14437
14438
14445
14448
14450
14453
14454
14455
14464
14470
14472
14473
14474
14475
14477
14479
14481
14486
14488
14490
14492
14498
14499
14504
14505
14506
14508
14509
14517
14520
14521
14524
14527
14529
14530
14535
14537
14539
14542
14544
14546
14552
14553
14555
14556
14558
14560
14561
14562
14569
14571
14577
14578
14582
14584
14586
14588
14595
14600
14604
14606
14611
14612
14614
14620
14623
14626
14628
14629
14632
14633
14637
14638
14639
14641
14644
14648
14650
14652
14653
14654
14655
14656
14662
14664
14667
14669
14671
14673
14678
14680
14681
14687
14690
14694
14695
14696
14700
14703
14707
14708
14714
14716
14719
14724
14732
14734
14735
14736
14738
14741
14742
14743
14744
14745
14747
14752
14757
14759
14761
14763
14764
14769
14770
14780
14781
14783
14786
14790
14791
14792
14797
14800
14801
14803
14804
14805
14810
14811
14815
14816
14817
14824
14833
14835
14836
14839
14840
14845
14853
14854
14855
14857
14861
14867
14871
14879
14882
14883
14886
14895
14900
14903
14908
14910
14912
14913
14917
14922
14925
14927
14928
14930
14931
14934
14939
14944
14946
14947
14950
475
0
1
2
3
4
5
6
7
8
9
10
11
12
13
14
15
16
17
18
19
20
21
22
23
24
25
26
27
28
29
30
31
32
33
34
35
36
37
38
39
40
41
42
43
44
45
46
47
48
49
50
51
52
53
54
55
56
57
58
59
60
61
62
63
64
65
66
67
68
69
70
71
72
73
74
75
76
77
78
79
80
81
82
83
84
85
86
87
88
89
90
91
92
93
94
95
96
97
98
99
100
101
102
103
104
105
106
107
109
110
111
112
113
114
115
116
117
118
119
120
121
122
123
124
125
126
127
128
129
130
131
132
133
134
135
136
137
138
139
140
141
142
143
144
145
146
147
148
149
150
151
152
153
154
155
156
157
158
159
160
161
162
163
164
165
166
167
168
169
170
171
172
173
174
175
176
177
178
179
180
181
182
183
184
185
186
187
188
189
190
191
192
193
194
195
196
197
198
199
200
201
202
203
204
205
206
207
208
209
210
211
212
213
214
215
216
217
218
219
220
221
222
223
224
225
226
227
228
229
230
231
232
233
234
235
236
237
238
239
240
241
242
243
244
245
247
248
249
250
251
252
253
254
255
256
257
258
259
260
261
262
263
264
265
266
267
268
269
270
271
272
273
274
275
276
277
278
279
280
281
282
283
284
285
286
287
288
289
290
291
292
293
294
295
296
297
298
299
300
301
302
303
304
305
306
307
309
310
311
312
313
314
315
316
317
318
319
320
321
322
323
324
325
326
327
328
329
330
331
332
333
334
335
336
337
338
339
340
341
342
343
344
345
346
347
348
349
350
351
352
353
354
355
356
357
358
359
360
361
362
363
364
365
366
367
368
369
370
371
372
373
374
375
376
377
378
379
380
382
383
384
385
386
387
388
389
390
392
393
394
395
396
397
398
399
400
401
402
403
404
405
406
407
408
409
410
411
412
413
414
415
416
417
418
419
420
421
422
423
424
425
426
427
428
429
430
431
432
433
434
435
437
438
439
440
441
442
443
444
445
446
447
448
449
450
451
452
453
454
455
456
457
458
459
460
461
462
463
464
465
466
467
468
469
470
471
472
474
475
476
477
478
479
480
481
