4693
0
8193
8194
8195
4
6
9
8202
11
13
14
8206
8207
8208
17
8209
8212
8214
8216
8217
8221
8222
31
33
34
8226
35
37
38
39
8231
8236
8237
45
46
8240
8241
52
54
8246
55
8247
8248
8249
8252
61
8254
63
64
8256
8257
66
68
8261
8264
8265
74
76
77
79
82
8274
83
84
85
86
87
8280
8281
91
8283
92
8284
8286
8287
96
8288
97
8290
8292
101
8293
102
104
8296
105
107
8299
108
8300
109
8303
112
8306
116
8309
118
8311
8313
8316
124
125
126
127
128
8322
131
132
8324
8325
134
8326
135
8328
137
8331
8332
142
8337
8339
148
8340
8341
150
8342
8343
8345
154
8346
157
8350
8351
161
162
163
164
8357
166
8358
8359
167
8360
169
171
8363
8365
174
8366
8368
178
8371
8372
182
183
8376
8378
8382
191
8387
196
197
198
8390
199
8392
201
203
204
205
208
8400
209
210
8402
8403
8405
214
216
8408
8409
218
219
8413
222
8414
8421
231
8425
234
8427
236
8429
8432
8435
245
246
8439
249
8441
250
8442
251
252
8445
8447
256
8448
257
8450
258
8451
8453
262
8455
264
8456
8457
266
8458
267
268
8460
8461
8463
274
8466
8467
276
8469
277
280
281
283
284
8476
285
8477
288
8482
292
8484
8487
297
298
8490
8491
300
8492
301
8493
305
8497
306
8498
310
8502
8505
8506
315
8507
8509
8510
319
321
322
8514
323
326
8518
327
330
331
8523
332
334
336
8528
8529
340
341
342
8536
345
8537
346
8538
8539
8540
348
355
8547
356
8548
358
8550
361
362
363
364
8557
366
8559
8562
371
8563
8564
373
374
376
8568
8570
379
8572
8573
382
383
8575
384
8578
387
8579
391
8585
395
396
8588
397
398
399
8591
8594
8595
403
8597
8598
407
408
410
8602
8603
413
8606
8608
417
8609
418
8610
419
8611
8612
8613
423
8615
8616
427
8619
428
429
430
8622
433
8630
440
8633
8635
8636
445
8637
446
8642
453
455
456
8648
457
458
8650
461
8653
463
8658
8659
468
8660
471
8663
8665
474
8666
475
477
8669
8671
482
8674
484
485
486
8678
8679
8680
8681
490
491
8683
492
493
494
496
497
8690
499
8692
501
8693
502
8694
504
8696
8698
8699
508
509
8701
8702
8703
8705
515
516
517
8709
518
8711
521
8718
8719
8721
8722
531
8723
532
8727
536
537
8730
8732
540
541
542
544
8737
8738
547
549
8742
551
8744
553
8748
8749
8750
8752
8755
564
8756
565
8757
567
568
571
8764
8768
580
8775
586
587
590
594
8786
596
8789
599
8791
600
608
8800
611
613
8807
616
621
8814
8815
624
8816
8817
626
8820
8821
630
8824
8825
8826
8827
636
638
8831
640
641
642
643
8837
646
8840
649
8842
8843
653
8845
654
8847
659
8851
660
661
8853
8854
8856
8857
667
8859
668
8861
670
8864
8865
677
8870
684
685
8878
8879
8880
8882
691
692
694
8888
697
8890
698
700
702
8894
8895
705
8897
707
709
710
8902
8904
8905
717
8910
718
719
721
8913
8914
723
8917
726
728
8920
8922
732
733
734
8926
8929
738
8931
744
8936
8937
8941
8942
751
8944
8945
754
8947
757
8949
758
759
762
8954
763
764
8957
766
767
8960
769
773
774
8966
775
776
8969
8975
785
8978
789
791
8983
792
8986
795
798
8991
8993
802
8994
803
8996
8997
8999
810
9002
9004
814
9006
9007
9010
9011
820
9012
9013
9015
824
9016
9017
9020
9021
9022
833
9025
9026
836
9028
837
9029
838
839
840
841
9034
844
9037
9040
849
9043
852
9044
9045
9046
9050
862
9059
9062
871
9063
873
9065
9067
878
9070
879
9071
9072
883
9075
884
9076
889
892
9085
896
9088
897
9089
898
900
9092
901
9093
9094
904
9099
908
909
9102
913
9105
914
9107
916
9109
918
9110
9111
920
9112
921
922
924
9118
927
928
929
930
9123
939
940
9132
9133
942
943
944
946
9138
947
9141
9142
9143
9145
954
955
9147
9148
957
9151
960
9153
9154
9156
9157
966
967
968
9160
9161
970
971
9164
9165
976
9170
980
9172
9174
984
986
988
9181
9184
9188
9189
998
9190
999
9194
1004
1005
9198
9199
9200
1011
1012
1013
9205
9207
1017
9210
1019
1021
1022
9215
9216
1026
1031
9223
9224
9225
9226
9227
1036
9228
1039
9231
1040
9234
9237
1047
9239
1049
1050
9242
1051
9243
9245
1054
1055
1056
9249
1058
9250
9252
1061
9253
9254
9255
9256
1065
9257
9258
9259
9261
1072
1075
1076
1077
1078
1079
9272
1081
9273
1082
1084
1086
1087
1088
9280
9281
1090
9282
1092
1093
9285
1094
9286
9288
1097
9290
9291
1105
9297
9298
1109
9301
1110
9304
9305
9306
1117
1120
1121
9313
1122
9314
9315
1124
9316
9317
1125
9318
1127
9320
9321
1131
9324
1133
1134
9327
1136
9328
1137
1138
9330
9331
1139
1140
9332
9333
9334
1144
9336
1145
1146
9339
1149
9341
1151
9345
9346
9347
9348
9350
9352
9353
9354
1162
1163
9356
1165
1168
9360
1169
9362
9364
1174
1175
9367
9369
9370
1178
9371
9372
1181
1182
1184
9376
9377
1187
1189
9383
9386
9387
9390
9392
1200
1202
9396
9399
9400
1209
9403
1212
9404
9405
9406
9407
9409
9412
1221
9415
1224
9416
1225
1226
1228
9420
9423
1233
9425
9426
1236
9429
1239
1240
9432
1244
1247
9439
1248
1249
1251
1252
1254
1256
9448
9452
1261
1266
1267
1269
9461
1270
1271
1272
9468
9469
1278
9472
9473
1282
9474
1283
1284
1285
1286
1288
9483
9484
1293
9485
9488
9489
1298
9490
9491
9492
1301
9493
1302
9494
9495
1305
9498
1307
1308
1310
9504
1313
1315
1317
9512
1322
9515
1324
1325
9517
1326
9519
1329
1330
1331
1332
1333
9525
1334
9527
1340
1342
1343
1344
9536
9539
1348
9540
9542
1352
9544
1353
9545
1354
9546
9547
1355
1356
9549
9551
1362
9554
1363
1364
9556
9557
1367
9559
9561
1372
1376
1377
1378
9570
1379
9572
9574
9575
1384
1386
1390
9582
1392
9584
9585
9587
1395
1396
9588
9589
1398
9591
9592
1401
9593
9594
1405
9597
9599
1409
1410
9603
1411
1412
1413
9605
9608
1417
9609
9610
9611
1420
9612
1421
1422
9616
9617
9618
1427
1428
1429
9621
1430
9622
1433
9625
9627
9628
9629
1438
1439
1441
9634
1443
1445
1446
9638
9639
1450
9642
1453
9646
9647
9648
9651
1460
1461
1462
1464
1465
9657
1466
9658
9660
1469
9663
9664
9665
1475
9667
9668
1477
1478
9670
9671
9672
1483
1485
1488
1489
9681
1493
1494
9686
9688
1497
9690
1499
9692
1502
9694
1503
9695
1507
9699
1511
9704
9705
9706
1515
1518
9711
9713
9715
1525
9719
1528
9721
1530
1531
9724
1534
1535
9727
9728
1538
9731
9732
1543
1544
9737
1550
9742
1551
9743
1553
9745
1556
9748
9749
1558
1560
9752
1564
9756
1565
9757
9758
1567
9759
1568
9760
1569
1570
1571
9763
1574
9766
1575
9767
1578
9770
9775
1585
9777
9780
1589
9781
1590
9782
1592
1593
9788
9789
1598
9791
9792
1601
1604
1605
9797
9802
9804
9805
1614
9807
9808
1617
1620
9814
1624
9817
1627
9819
9821
9822
1632
9824
9825
9826
1636
1637
9830
9832
1642
1644
9836
9838
1648
1651
9843
1652
1653
9845
1654
9849
1659
1660
9852
1661
1662
1666
1668
9860
9861
1672
1673
1674
9866
9867
1676
9868
1678
9871
1681
9873
1682
9874
1686
9878
1688
1691
1695
1696
9888
9890
9891
9893
1702
9894
1703
1704
1705
1706
1707
9899
1708
9900
1711
1712
1713
9907
9909
1718
9910
9913
1722
1723
9916
9917
1728
1729
9922
1731
9923
1732
9925
1734
1735
9929
1738
9931
1740
1741
9935
9938
9940
1749
1750
1751
9943
1752
1756
9948
1757
9949
1758
9953
1762
1763
1765
1766
9959
9961
1770
1771
9963
1772
1774
1775
9967
1779
1782
9975
9977
9978
9979
1788
9980
1789
9981
1790
9988
9989
1798
1799
9991
1800
9992
9993
1802
1803
9995
1804
1806
1809
10001
1810
10002
10003
1812
10004
1813
1814
1815
10007
1816
1818
10010
1820
10013
1822
1823
1825
1827
10019
10020
1829
1830
10022
1832
1833
10026
10028
10029
1838
10030
1839
10031
1845
10039
1848
10040
10043
10044
10046
1855
10052
10054
1863
1864
10056
1865
10059
1869
10061
1870
10062
1871
10063
1872
1874
1877
10071
1880
10073
10075
1884
1885
10077
10078
1887
10083
10084
10087
10088
1898
1900
10092
10094
10097
10099
1909
10101
1912
10104
10105
1914
10106
10107
1915
10108
1917
1918
1920
10112
1921
10114
10115
10116
1925
1926
1927
10120
1929
1930
1931
10123
1934
1935
10127
1936
10129
10130
1941
10133
10134
1942
1943
10136
1945
10138
10139
1948
10140
10141
1951
10143
1954
10146
10148
1957
10149
1958
10151
1960
10156
1965
1966
1968
10160
10161
1972
10164
1973
10165
1974
10166
10169
1978
10171
1980
10172
1988
10180
1989
1994
1995
1997
1998
10190
10191
10192
2001
10194
2005
10199
2007
2008
10200
10201
2012
2013
10205
2014
2015
2017
2019
10211
2020
2021
2022
10216
10220
2029
10221
2032
10224
2033
2037
10229
10230
2039
2042
10235
10236
2045
10237
2046
10238
2049
10241
2050
10243
10245
2055
10247
2056
10248
2057
10249
2058
10250
2059
10251
2062
10254
10257
10258
10259
10261
2070
2071
10263
2073
10265
2074
10267
10268
10269
10270
2078
2079
10271
2080
10273
2083
10276
10278
10281
2091
10283
2093
10285
2094
10286
10287
10288
2096
2097
2098
2100
10293
2102
2105
2106
10299
2108
10300
10301
10303
2115
10307
2116
10309
10310
2119
2120
2122
2123
10317
2126
10318
2131
10324
10326
2135
2137
10329
2139
2141
10335
10336
2146
2147
10339
2149
10342
2152
2154
10348
2157
10350
10351
10353
10354
2163
10357
2167
10359
2168
10361
10363
2172
2176
10368
10369
2178
2179
10371
10372
2181
2185
10377
2186
10380
2189
10382
10383
2192
10384
2193
10385
2197
10390
2207
10401
10403
2212
10404
2213
2214
10406
10408
2217
10409
2218
2219
10411
2220
2221
10413
2222
10416
2226
2227
10419
2228
10420
2229
10421
10424
2234
10427
10428
10429
2239
2240
2241
2243
10435
2244
10436
2247
2250
2252
10445
2254
10446
2257
10453
2262
10454
10455
10456
2270
2271
2272
2273
2274
10466
2278
2279
10472
2281
10473
2284
10477
2286
10480
10481
2290
10486
2295
2296
2297
2298
2299
2300
2301
10494
10495
2305
10500
2309
10501
10502
10504
10505
2314
10506
10508
2316
2319
10511
2320
10513
2322
2323
10515
10516
2326
2329
10521
10522
2331
10525
2336
10528
2341
2343
10536
2345
2346
10538
2350
2352
2356
10548
10549
2362
10554
10556
2365
2366
10558
2367
2368
2370
10563
10564
10567
2379
10573
10575
10576
2386
10579
10581
2390
10582
2391
10583
10585
10589
10591
2400
10592
2401
10593
10595
2405
2406
10598
10600
2410
10602
2411
2412
10604
2413
10606
10607
2415
10609
2420
2421
10613
2422
2424
2425
2426
10618
2427
2428
10620
10623
10625
2435
10627
10628
2437
10630
2441
10634
10638
2447
2451
10643
2452
2453
10647
2457
10650
2459
10653
2461
2462
10654
10655
2465
2466
2467
2470
10663
2473
10665
2476
2477
2478
10670
2481
10674
2483
2484
10676
2485
10680
2489
10684
10687
2496
10688
2497
10689
10690
10691
2501
2504
10697
2506
2507
2508
2511
2513
10705
10707
2516
10710
10711
2520
10715
2526
10718
2527
10719
2528
10720
2531
10723
2532
2534
10726
2536
10729
10730
10732
2541
10733
10734
2544
10736
2545
10738
2547
10739
10740
2550
2553
2554
2556
2557
10750
10751
2560
2563
2564
10758
10759
2568
10760
2569
10761
2571
2573
10765
10769
2580
2581
2582
10774
10776
2586
10778
2587
10779
10782
2590
2595
2596
2597
10789
10790
2600
10792
10794
10795
2605
10797
2608
10800
2609
10801
10804
10805
2615
2616
2617
2621
2622
2624
10817
2626
10819
2628
2632
10825
10826
2635
10828
10829
2638
10831
10832
10835
10837
10838
2648
2649
2650
10842
10846
2656
2657
2659
10851
10852
2661
10854
10855
2664
10856
10858
10860
2669
10862
2671
2672
10865
2673
2674
2675
10868
10869
2678
2679
2680
2681
10874
10875
2684
10877
2686
2687
10879
2689
10881
10882
2693
2695
2696
2697
10889
2698
2699
2700
2701
10893
10894
2703
10895
2704
2705
10898
2708
10900
10901
2713
10905
10908
2717
10909
10910
2720
2721
10913
2722
10914
2724
10916
10918
10919
10922
10925
2735
10928
10932
2741
2742
2743
2744
10936
2747
2748
10941
2750
2751
10945
10947
10949
2758
2761
10953
10955
2768
2769
2771
10963
10964
2775
10967
2778
2779
10972
2781
10973
10975
2784
10978
2787
2788
10980
2789
2790
2791
10985
2794
10987
2798
10990
10992
10993
2802
10994
10995
2806
10998
10999
2809
2811
11003
11004
2812
11005
2815
2817
2819
11013
11017
11018
11020
11022
11023
11024
2833
2835
2836
11028
11029
11031
11037
2847
11039
11040
2850
11042
2852
11044
11045
2855
2858
2859
2860
2865
11058
2867
2868
2869
11061
2871
11064
11066
2875
11067
2877
11070
11072
2881
2886
2887
11079
2888
11080
2889
11082
2891
11083
2892
11084
11088
11091
11092
2901
11094
2903
11096
11097
11101
11102
11103
2912
11104
2913
2915
11108
2917
11110
2923
11115
2924
11117
11120
2931
11124
2933
2934
11126
11127
11130
11132
2942
2943
2946
11140
11141
2951
2952
11144
2953
11145
2954
2956
2960
11152
11153
2962
11155
2964
11157
2966
11158
2967
11159
2971
2974
11166
11168
2977
11169
11170
11171
2980
2981
11174
2983
11176
11177
2987
2988
11182
2991
2992
11184
2993
11185
11186
11188
2997
11189
2999
11191
3001
3002
11194
11195
3005
11197
11198
3007
3008
11200
3009
11203
3012
11205
11206
3015
11207
11208
11209
11211
3021
11213
11214
3023
3024
11216
3025
11218
11219
3030
11222
3031
11223
11227
3036
3037
11229
11230
11231
11233
11235
11237
11239
11240
3048
3050
3052
11244
3054
11246
3055
3057
3059
11251
3060
11252
11253
11256
3071
11264
11265
3074
11266
3075
11267
3076
11268
3077
11269
3078
3079
11271
3082
11274
3083
3084
11278
3087
11280
11281
11283
3093
11286
11287
3097
3098
3101
11296
3105
3108
11303
3112
3113
11305
11309
3118
11310
3120
3121
11317
3126
11318
11319
3130
11324
11327
11329
3137
3138
11330
11331
3142
11335
11336
3145
11338
3147
11339
3148
3150
3151
11343
11344
3152
3154
11347
3156
3157
3158
3159
3161
3162
11354
3163
11356
3165
11357
3167
11360
3169
3170
3171
3173
3174
3178
11370
3180
11373
3182
3185
3186
3187
3188
3189
3192
11386
11388
3198
11390
11391
3202
3203
3205
3206
3208
11400
11401
3210
3211
11403
3213
11406
11409
11410
11411
11412
3222
11415
11416
11417
3226
11418
3227
11419
3228
11420
11421
3230
3234
11427
3236
3237
3239
11432
3241
3242
11435
11436
3246
11438
3247
11439
3249
11441
3250
11444
11445
3255
3256
11448
3257
11449
3258
11450
3259
3261
3262
3265
11457
11460
3269
11462
3271
11463
11464
11467
3277
3278
3279
11471
3280
11475
3285
11477
3286
11478
11479
3288
11481
11482
11484
3293
3295
11487
3297
3301
3302
11494
3304
3305
11497
3306
11498
3307
11501
3310
11502
11504
3313
11505
11507
3316
3319
3320
11512
3323
3325
11517
3327
11524
11525
3334
3335
3337
3339
3341
3343
11537
3347
11539
3348
3349
11541
11542
3352
3353
3355
11547
3357
3358
3359
11551
3361
3364
3367
11559
3368
11560
11563
3372
3374
11566
11567
3377
3378
11570
3379
11572
3381
11574
3383
3384
3386
11580
11582
11583
3392
11584
11585
3397
3398
11591
3401
3402
11594
11596
3408
11600
3411
3412
3414
11606
3416
11609
3417
3418
3421
3422
11615
3424
11616
3426
11618
3427
3430
11624
3433
11627
3435
3437
3438
11632
3441
11633
3442
11634
3445
11638
3447
11640
3449
3451
11643
11644
3454
3455
11647
3457
11651
11652
11653
3462
11654
11655
11656
3466
3469
3470
11662
11663
3471
3472
3475
3476
3478
3480
11672
3482
3483
11675
11677
11678
3488
11681
3492
11686
3495
3497
11689
3500
3501
11694
3503
11696
3506
3508
3509
3511
3512
3513
3514
3516
3517
3522
11714
11716
3526
11719
3529
11723
3532
11726
3535
11729
11731
11732
3541
3542
11734
3544
3545
3549
3550
11744
11746
11747
3556
11749
11751
3560
3562
3563
3564
3565
3568
11760
3569
3570
3573
3575
11767
3577
3583
11775
3585
11777
3586
11778
3587
3588
11781
3590
11782
3591
11783
3593
3597
11792
11794
3603
11796
11798
3608
11800
11801
3611
11803
3614
11807
3616
3617
11809
11810
3619
3622
11814
3623
11817
3626
11818
3627
11821
3630
3631
11823
11824
3634
11826
11829
3640
11832
3642
11834
11835
3645
3647
11839
3648
11841
3650
3651
3652
3653
11845
3655
11847
3658
11850
3661
11853
11854
11856
11857
11859
3668
11860
11863
3672
11864
3673
3674
3677
11870
3680
11872
3682
11875
11876
3686
11881
3690
11883
11884
3694
11887
3696
11889
11890
3699
11891
11892
3701
11893
11894
11897
3706
11899
11900
3709
11901
11904
3716
11908
3717
3720
11912
11913
3723
11915
11920
11921
3731
11923
3734
3735
11927
11928
3738
3739
11932
3743
3745
11937
3748
11941
3751
11943
3756
3757
11949
11952
11954
3764
11956
3765
11957
3767
3768
11961
3772
3774
11966
11968
11969
3778
11971
11973
11974
11977
3786
3787
3789
11981
11983
3792
11985
3795
11987
3796
3797
3798
11993
3802
3805
3807
12000
12001
12002
12006
3815
12008
3818
3819
3822
12015
3824
3825
3826
12019
3828
12021
3830
12023
12025
3835
12027
12028
3837
12029
12030
3839
12033
12034
12035
12038
3848
12040
12043
12045
3857
3858
12050
3860
12053
12054
3868
12060
12061
3871
3873
3879
3881
3884
3887
3890
3894
12087
3895
3902
3906
3908
3915
3916
3925
3926
3929
3934
3936
3937
3940
3943
3944
3945
3951
3953
3956
3957
3958
3959
12154
3964
3965
3966
3971
3975
3978
3981
3982
3984
3986
3987
3989
3992
3993
3997
3999
4001
4002
4003
4005
4007
4008
4009
4012
4013
4016
12210
4023
4024
4025
4027
12220
4028
4032
4033
4034
4036
4037
4039
4045
4047
4048
4049
4053
4057
4064
4065
4067
4068
4069
4070
4071
4072
4076
4077
4078
4082
4084
4087
4091
4092
4093
4097
4098
4102
4103
4106
4114
4115
4117
4126
4128
4131
4133
4137
4139
4142
4144
4145
4147
4148
4153
4155
4161
4162
4163
4164
4166
4168
4170
4171
4172
4173
4175
4176
4177
4180
4182
4184
4186
4188
4189
4190
4191
4195
4197
4200
4201
4208
4209
4210
4211
4212
4215
4218
4220
4223
4226
4230
4234
4235
4236
4237
4238
4240
4241
4245
4246
4247
4249
4259
4262
4268
4271
4277
4278
4281
4283
4286
4287
4290
4294
4296
4299
4300
4302
4303
4307
4314
4321
4324
4325
4333
4336
4339
4342
4343
4345
4348
4362
4364
4365
4370
4376
4377
4378
4379
4382
4385
4386
4389
4390
4391
4392
4393
4397
4399
4400
4403
4404
4410
4413
4414
4416
4417
4420
4421
4423
4428
4436
4437
4442
4445
4447
4449
4450
4451
4452
4455
4457
4458
4462
4463
4467
4469
4471
4473
4475
4476
4477
4480
4486
4489
4494
4495
4496
4497
4498
4502
4503
4506
4509
4511
4518
4519
4520
4521
4523
4527
4528
4529
4530
4532
4534
4536
4537
4540
4544
4547
4548
4549
4552
4554
4555
4556
4557
4560
4562
4564
4565
4566
4569
4573
4577
4579
4580
4581
4582
4583
4597
4601
4602
4603
4605
4607
4608
4609
4611
4613
4614
4615
4618
4619
4624
4627
4629
4638
4640
4643
4645
4646
4656
4657
4658
4663
4664
4666
4667
4669
4671
4673
4682
4685
4687
4689
4690
4691
4695
4697
4702
4706
4707
4717
4719
4722
4727
4728
4731
4734
4735
4738
4739
4740
4742
4743
4744
4745
4747
4749
4750
4752
4755
4756
4758
4764
4766
4767
4768
4769
4771
4777
4778
4779
4780
4784
4788
4792
4796
4798
4799
4800
4804
4805
4806
4809
4812
4814
4818
4821
4822
4824
4828
4831
4834
4835
4840
4843
4850
4852
4863
4864
4866
4869
4870
4879
4880
4884
4891
4897
4899
4901
4902
4903
4907
4908
4910
4911
4912
4914
4915
4917
4918
4922
4923
4925
4928
4930
4937
4941
4942
4944
4945
4948
4953
4957
4959
4962
4965
4966
4968
4970
4971
4974
4980
4981
4983
4986
4988
4991
4992
4994
4997
4999
5003
5006
5008
5009
5013
5016
5019
5021
5028
5030
5033
5036
5037
5038
5040
5041
5043
5049
5051
5057
5063
5069
5071
5072
5073
5075
5081
5082
5085
5088
5089
5092
5094
5096
5100
5101
5102
5106
5108
5111
5112
5113
5115
5123
5124
5125
5126
5127
5129
5131
5133
5134
5136
5141
5142
5145
5146
5148
5150
5151
5153
5156
5158
5159
5160
5163
5164
5165
5167
5169
5171
5172
5175
5177
5180
5181
5184
5186
5187
5189
5190
5192
5193
5199
5201
5204
5205
5206
5214
5217
5218
5223
5227
5228
5230
5232
5238
5241
5245
5247
5250
5251
5254
5262
5265
5270
5274
5276
5277
5280
5283
5285
5291
5292
5293
5294
5295
5297
5299
5302
5304
5306
5311
5318
5321
5329
5330
5342
5347
5348
5349
5350
5351
5352
5358
5362
5363
5364
5366
5367
5368
5370
5371
5372
5377
5379
5380
5381
5382
5384
5390
5392
5395
5397
5400
5401
5403
5404
5405
5408
5413
5415
5424
5427
5430
5431
5436
5437
5442
5443
5445
5447
5448
5450
5451
5453
5454
5457
5459
5460
5461
5463
5464
5465
5466
5467
5473
5474
5475
5476
5480
5482
5483
5484
5488
5492
5494
5495
5497
5498
5499
5506
5507
5508
5512
5514
5515
5520
5523
5524
5526
5527
5529
5530
5534
5540
5541
5542
5543
5544
5546
5547
5548
5555
5558
5568
5577
5578
5579
5580
5584
5589
5592
5596
5598
5599
5600
5603
5609
5610
5611
5613
5614
5617
5619
5622
5623
5625
5626
5628
5629
5635
5636
5637
5638
5640
5642
5644
5645
5651
5652
5654
5655
5656
5658
5659
5661
5664
5666
5669
5672
5679
5686
5691
5693
5694
5696
5697
5700
5701
5702
5705
5711
5713
5714
5717
5721
5723
5724
5731
5732
5736
5742
5745
5749
5752
5753
5754
5756
5759
5764
5765
5766
5770
5771
5773
5776
5779
5781
5783
5785
5786
5790
5791
5792
5793
5795
5796
5799
5802
5804
5805
5806
5808
5810
5814
5818
5819
5820
5821
5824
5826
5829
5830
5837
5846
5849
5851
5852
5855
5861
5862
5863
5865
5868
5870
5872
5875
5876
5879
5880
5883
5885
5887
5889
5891
5892
5895
5897
5898
5902
5903
5913
5915
5917
5920
5921
5923
5926
5927
5933
5936
5937
5940
5941
5942
5944
5948
5949
5952
5956
5957
5960
5961
5965
5966
5968
5972
5977
5979
5980
5981
5983
5984
5988
5990
5992
5993
5995
5996
6005
6013
6016
6017
6020
6025
6029
6030
6031
6032
6034
6035
6036
6037
6040
6042
6043
6044
6046
6048
6049
6051
6053
6054
6056
6057
6058
6059
6060
6064
6065
6066
6068
6069
6073
6074
6076
6077
6086
6088
6090
6091
6092
6094
6099
6101
6102
6103
6106
6109
6110
6113
6115
6117
6119
6120
6121
6128
6131
6132
6133
6135
6138
6141
6142
6144
6145
6149
6153
6154
6159
6161
6166
6168
6169
6170
6171
6172
6175
6181
6182
6186
6187
6192
6194
6195
6198
6200
6206
6209
6211
6217
6218
6219
6222
6229
6230
6233
6238
6243
6245
6246
6256
6260
6262
6267
6268
6270
6273
6274
6280
6281
6282
6283
6285
6286
6289
6294
6297
6299
6300
6301
6308
6309
6312
6314
6316
6318
6323
6324
6326
6327
6329
6330
6340
6349
6350
6351
6353
6354
6355
6357
6358
6360
6362
6370
6372
6374
6375
6376
6383
6385
6386
6389
6390
6393
6396
6398
6400
6401
6404
6405
6409
6412
6414
6417
6421
6424
6427
6428
6432
6436
6440
6441
6443
6449
6451
6453
6454
6456
6457
6458
6467
6469
6481
6483
6489
6492
6494
6496
6500
6505
6506
6507
6511
6512
6515
6516
6520
6522
6523
6524
6525
6526
6527
6530
6531
6537
6538
6540
6544
6546
6548
6552
6553
6565
6566
6569
6571
6572
6573
6574
6576
6578
6580
6581
6582
6583
6585
6590
6592
6595
6596
6597
6601
6608
6612
6613
6614
6615
6621
6622
6623
6626
6628
6629
6634
6635
6636
6637
6644
6648
6649
6652
6658
6661
6668
6671
6673
6674
6677
6682
6684
6689
6691
6694
6698
6699
6702
6703
6705
6706
6709
6712
6714
6717
6719
6720
6724
6732
6735
6739
6741
6743
6746
6748
6757
6758
6760
6761
6766
6767
6769
6771
6772
6775
6777
6781
6783
6787
6790
6791
6799
6801
6802
6803
6804
6805
6808
6813
6814
6816
6817
6818
6821
6824
6830
6831
6836
6839
6841
6843
6848
6851
6852
6853
6856
6862
6867
6870
6871
6873
6877
6879
6880
6883
6884
6887
6888
6889
6890
6891
6893
6895
6896
6900
6902
6904
6905
6908
6911
6912
6913
6917
6922
6924
6931
6932
6935
6936
6937
6938
6942
6943
6944
6945
6948
6950
6952
6953
6956
6960
6961
6964
6967
6973
6974
6977
6979
6981
6983
6985
6989
6992
6996
6998
6999
7000
7002
7003
7006
7007
7010
7011
7012
7013
7017
7019
7023
7024
7026
7027
7029
7034
7036
7038
7039
7041
7042
7043
7044
7045
7046
7049
7050
7052
7054
7058
7060
7061
7067
7070
7075
7077
7078
7083
7088
7089
7092
7093
7094
7095
7096
7098
7110
7111
7112
7113
7115
7120
7122
7123
7125
7126
7127
7128
7130
7132
7136
7139
7141
7142
7147
7148
7149
7152
7158
7159
7160
7162
7164
7168
7169
7172
7175
7181
7185
7186
7189
7192
7193
7195
7197
7199
7201
7204
7207
7208
7209
7212
7215
7217
7218
7221
7224
7227
7228
7229
7234
7235
7241
7242
7243
7245
7249
7251
7253
7256
7259
7264
7266
7267
7269
7270
7271
7272
7276
7278
7281
7286
7290
7294
7295
7296
7304
7306
7312
7315
7320
7323
7327
7330
7333
7334
7336
7340
7344
7353
7355
7359
7361
7363
7364
7368
7369
7372
7374
7378
7380
7382
7385
7392
7393
7395
7397
7399
7400
7402
7403
7409
7412
7415
7420
7421
7424
7425
7430
7432
7433
7436
7441
7447
7448
7450
7454
7455
7457
7461
7462
7464
7465
7466
7467
7469
7478
7484
7487
7489
7493
7497
7498
7500
7502
7503
7506
7508
7509
7510
7511
7512
7516
7518
7520
7526
7531
7538
7539
7550
7551
7552
7555
7560
7570
7573
7575
7576
7577
7582
7583
7584
7587
7588
7590
7591
7592
7595
7597
7601
7604
7606
7609
7616
7617
7619
7621
7631
7633
7634
7635
7642
7647
7650
7651
7653
7655
7657
7663
7665
7666
7668
7669
7671
7675
7679
7680
7690
7694
7695
7700
7703
7704
7707
7710
7725
7729
7733
7737
7738
7740
7744
7748
7750
7751
7753
7755
7756
7758
7759
7760
7765
7766
7768
7775
7781
7787
7788
7792
7796
7797
7803
7805
7806
7808
7809
7810
7811
7813
7816
7817
7822
7827
7828
7831
7835
7838
7840
7845
7848
7849
7850
7851
7852
7853
7858
7864
7866
7868
7869
7872
7876
7877
7878
7885
7886
7891
7893
7901
7903
7908
7909
7910
7911
7915
7917
7919
7920
7922
7927
7931
7932
7934
7935
7936
7941
7943
7947
7953
7955
7956
7964
7966
7969
7973
7974
7976
7978
7979
7986
7989
7990
7994
7999
8006
8007
8008
8011
8016
8017
8020
8021
8023
8024
8025
8027
8032
8035
8036
8037
8039
8040
8045
8048
8049
8051
8052
8053
8055
8056
8059
8061
8062
8067
8068
8069
8073
8076
8077
8078
8083
8084
8087
8091
8094
8095
8097
8098
8101
8102
8103
8104
8109
8110
8112
8113
8116
8118
8120
8124
8128
8131
8134
8139
8143
8144
8146
8147
8148
8149
8151
8153
8156
8160
8161
8171
8172
8174
8177
8178
8179
8181
8184
8187
8189
8190
372
0
1
2
3
4
5
6
7
8
9
10
11
12
13
14
16
17
18
19
20
21
22
23
24
25
26
27
28
29
30
31
32
33
34
35
36
37
38
39
40
41
42
44
45
46
47
48
51
52
53
54
55
56
57
58
59
60
61
62
63
64
65
66
68
69
70
71
72
73
75
76
77
78
79
80
81
82
83
84
85
86
87
88
89
91
92
93
94
95
96
98
99
100
101
102
103
104
105
106
107
108
109
110
111
112
113
114
115
117
118
119
120
121
122
123
124
125
126
127
128
129
130
132
133
134
135
136
137
138
139
140
141
142
143
144
145
146
147
148
149
150
152
153
154
155
156
158
159
160
161
162
163
164
165
166
167
168
169
170
171
172
173
174
175
176
177
178
179
180
181
182
183
184
185
186
187
188
189
190
191
192
193
194
195
196
197
198
199
200
201
202
203
205
206
207
208
209
210
211
212
213
214
215
216
217
218
219
220
221
222
223
224
227
228
229
230
231
232
233
234
235
236
237
238
239
240
241
242
243
244
245
246
247
250
251
252
253
254
255
256
257
258
259
260
261
262
263
264
265
266
267
268
269
270
272
273
274
275
276
277
278
279
280
281
282
283
284
285
286
287
288
289
290
291
292
293
294
296
297
298
299
300
301
302
303
304
305
306
307
308
309
310
311
312
313
314
315
316
318
319
320
321
322
323
324
325
326
327
328
329
330
331
332
333
334
335
336
337
338
339
342
343
344
345
346
347
348
349
350
351
352
353
354
355
356
357
358
359
360
361
362
363
365
366
367
368
369
370
372
373
374
375
376
377
378
379
380
381
382
383
384
385
386
387
389
390
391
392
393
394
395
396
