240
1538
1539
516
5
9
523
11
2061
1038
1552
2065
530
20
532
1556
1557
1560
1562
26
1564
1052
29
546
1572
2086
1065
1067
1581
46
51
1075
1589
1078
568
1593
569
1594
578
1093
2119
1608
2120
2121
1097
586
75
77
1616
83
1110
92
1117
96
608
100
1638
1640
1641
1133
1646
111
2160
1648
624
1652
119
120
1657
1152
1154
1667
644
1156
646
648
1681
146
659
1683
1174
153
154
164
168
170
685
174
1711
688
1203
1715
180
1208
1723
1212
190
1214
705
196
1221
1733
1224
714
1226
205
1741
1747
211
1237
216
217
222
739
742
230
231
235
1773
1261
752
241
754
250
258
264
1801
1802
1803
1804
1293
786
275
1814
279
797
1310
1822
1823
1826
803
1828
804
1316
1829
1317
805
1830
1320
809
1329
1841
818
1331
311
825
828
1341
831
1856
834
1348
1351
331
336
848
1874
1363
1366
1367
1881
860
352
355
1893
359
1386
1900
877
367
1904
373
1401
1914
379
1916
380
381
1918
1411
1412
391
907
1421
914
402
403
1431
407
1433
414
416
1444
1957
423
424
936
1963
948
436
1973
1467
1980
1982
1472
1476
1477
966
1479
456
1484
464
2001
2003
981
984
2010
1498
986
476
483
485
1511
1512
2033
1521
501
2038
1526
1015
511
131
0
1
2
3
4
5
6
8
9
10
12
13
14
15
16
17
18
19
20
21
22
25
26
27
28
29
31
32
33
39
40
41
42
43
44
45
46
47
48
49
52
53
54
55
57
58
59
60
61
62
63
67
68
69
70
71
72
73
74
75
76
79
80
81
82
83
84
85
86
87
88
92
93
94
95
96
97
98
99
100
101
102
103
104
106
107
108
109
110
111
112
115
116
117
118
119
120
121
122
123
124
125
127
128
129
130
131
132
133
134
136
137
140
142
143
144
145
146
147
148
149
152
153
154
155
156
157
158
159
160
161
