158
512
1538
2
3
1541
1030
1290
1546
1034
1035
1292
271
1039
1554
1812
532
277
1813
1305
1817
1819
1820
1822
290
1314
1059
1829
553
1321
554
1069
50
1842
309
1845
1591
1593
1595
829
1855
1344
1601
1858
1603
581
838
72
74
586
331
1358
850
1363
1109
1623
92
606
350
1375
613
102
1129
1392
1136
1906
1907
1651
1653
1654
1143
1144
1658
1917
897
131
899
1668
1925
1927
1671
136
137
905
907
399
914
1682
1943
1432
1945
410
1178
411
923
156
668
157
160
416
674
420
1189
1449
1706
1451
939
1964
173
1969
434
178
691
949
694
183
1463
952
185
1209
698
1467
187
189
1216
195
196
1220
1733
455
456
200
460
1486
1746
1493
1752
218
986
2014
1762
996
1767
1517
1519
1264
242
1266
499
757
1017
249
1530
506
765
1533
254
511
2047
121
0
1
2
3
4
5
6
7
8
9
10
13
17
19
20
21
22
25
27
28
29
30
32
37
38
39
40
41
42
43
44
45
46
47
49
50
51
52
53
54
55
56
57
58
59
60
63
64
65
67
68
69
70
71
72
75
76
77
78
79
80
81
82
83
84
89
91
93
94
95
96
97
98
99
100
102
103
104
106
108
109
110
111
113
114
116
117
118
119
120
121
122
123
124
127
128
129
130
131
132
133
134
135
136
141
142
143
144
145
146
147
148
149
152
154
155
156
157
158
159
161
