749
2051
1028
1029
6153
1034
10
1035
11
3085
13
3089
18
19
4118
23
24
3097
26
27
3100
6172
6173
29
30
3106
35
1060
36
2085
4134
2086
1062
38
39
6184
5161
41
44
2093
46
2094
48
3120
1073
6193
53
2102
56
57
59
3133
61
62
2112
65
6210
67
5189
69
3142
3143
71
4171
6219
6220
6221
80
81
83
3157
87
3160
88
89
90
6237
93
5214
95
2144
6241
98
5220
2149
102
5224
4202
3178
106
2155
108
109
1135
112
113
2162
2163
6259
115
116
1141
117
3191
120
121
1149
125
6271
5249
2179
6280
136
139
140
3213
143
146
5267
148
1173
150
6295
151
4248
6297
153
6298
154
155
3229
4256
160
3234
6306
165
2214
5287
167
168
6314
170
1195
3244
174
175
1200
176
178
2227
180
6325
183
3257
4282
6330
2234
3258
186
187
3261
189
2238
190
4288
5314
195
6340
6341
2247
199
202
5323
204
205
206
6352
209
4306
210
212
1238
217
218
2266
6363
6364
2268
4316
5341
221
4318
3297
3298
4324
4325
4326
230
2279
3303
232
234
235
236
6381
238
2289
2290
3316
1269
247
248
250
6397
4351
255
257
4355
3332
2308
261
3334
262
5383
2311
265
5386
267
6412
268
6413
5389
269
270
273
2322
6418
275
276
2325
277
1302
1305
281
282
283
284
3357
5406
2335
287
5407
289
6436
293
5414
294
1319
2345
4394
1323
4395
3371
4396
1325
301
5424
304
2353
4403
2356
4405
310
311
312
313
314
6460
1343
5439
1345
321
2370
323
4419
327
332
333
5455
335
336
337
3410
1363
340
342
1367
343
345
346
5466
1371
2395
347
4449
353
5474
355
2404
3430
4454
358
360
3433
361
362
363
364
366
367
1392
369
370
4466
5492
372
373
5493
374
375
4472
376
3449
377
378
380
4478
383
2432
4480
385
386
387
1412
4484
1414
3462
2439
392
393
394
396
398
399
5521
3474
2450
402
4499
2452
405
406
409
414
415
1440
3488
4512
416
417
420
422
3495
1449
1450
5548
3500
428
429
430
3503
431
432
2483
5555
435
438
439
2490
3515
444
445
449
1474
450
451
5572
453
455
457
459
3532
460
464
1489
5586
466
5587
467
468
469
470
472
3547
475
5596
2525
5598
479
481
1511
487
489
3562
5613
493
495
1520
3568
497
502
503
3577
505
5626
507
3581
509
510
511
512
514
1539
2563
515
516
517
3591
519
2568
520
4617
521
5643
525
3599
527
529
2578
532
1557
534
2583
538
5660
540
5663
543
3616
2594
547
1572
553
558
559
4656
2609
563
564
1589
567
4663
569
4666
3645
576
578
3652
580
581
582
583
4680
3659
2635
588
2637
5709
589
591
5712
5714
5715
596
598
1623
599
600
601
602
4699
5723
2654
606
607
3680
4704
609
610
611
2660
615
1642
2667
5740
5742
4720
3697
2673
4725
3701
4728
3706
3708
637
5757
4737
2690
4738
3716
3718
5770
1675
3724
2708
3736
2712
5785
3741
1695
3744
4768
3745
4771
4772
5797
678
4774
2729
4779
4780
2735
1712
692
4788
1716
1717
1720
5816
697
1722
2749
1730
1732
4807
5831
2763
5836
4814
720
3796
2772
3798
2774
3799
728
5850
4829
5853
3806
2783
1760
1761
5858
739
4838
5867
2801
1779
4851
5875
2805
4855
3833
2809
3834
763
2811
5883
765
5886
769
5891
3843
1796
3846
780
1804
785
3858
5907
3862
2840
1816
1818
5916
3869
5918
1822
1823
4895
3876
4903
5928
4906
3882
3884
2860
3891
4916
1845
3896
1849
2873
5947
3900
2877
4932
1861
3912
1865
4940
3916
5966
1871
4946
3923
4948
854
5978
4954
1891
867
2917
5990
4966
4968
874
3946
5995
3950
880
6001
6003
4979
1908
3958
2935
3959
3961
4985
1917
4990
897
904
1928
5000
5001
6031
1936
913
5011
916
6039
2969
6043
1947
924
5023
928
6048
5030
4007
5034
2990
5040
5041
6065
2996
4021
1981
958
4032
5056
5060
4038
4039
970
971
1995
6093
974
3023
6095
5072
977
6103
6106
6107
3038
3039
6112
5094
5097
1005
3053
4080
1009
1010
2036
5109
3061
1014
1015
6137
1018
6138
1021
5117
2047
142
0
1
2
3
4
5
6
7
8
9
10
14
15
16
17
18
19
20
21
22
23
24
27
28
29
30
31
32
33
34
35
41
42
43
44
45
46
47
48
49
50
51
55
56
57
58
59
60
61
62
63
64
65
66
69
72
73
74
75
76
77
78
79
80
81
84
85
86
87
88
89
90
91
92
93
94
96
98
99
100
101
102
103
104
105
106
107
108
109
110
111
113
114
115
116
117
118
119
120
121
122
125
126
127
128
129
130
131
132
133
134
135
140
141
142
143
144
145
146
147
148
149
150
153
154
155
156
157
158
159
160
161
162
166
167
168
169
170
171
172
173
175
