13345
0
32768
2
3
5
32776
32777
32780
13
32786
32788
32791
32792
25
26
28
29
32797
33
32801
32802
35
32806
40
42
32810
43
32811
46
47
32815
32816
50
32819
53
55
32825
58
59
32827
60
32829
65
66
67
32835
68
32836
32837
71
75
78
32848
32849
32851
84
32853
87
88
32856
32857
90
91
92
93
32861
32862
95
32864
97
98
32868
100
32869
105
107
32875
32878
114
116
32884
119
32887
120
32888
124
127
136
32910
143
145
32915
32916
150
152
32921
154
32924
157
32927
32931
32933
166
32936
169
32937
172
32941
174
175
32943
176
32946
32947
182
32950
186
32954
187
32955
188
189
32957
191
32960
192
32963
32968
32969
32970
202
32971
205
32973
206
208
32978
211
32980
213
215
32983
217
32985
218
32987
32991
225
226
230
32999
232
242
243
244
33012
33013
248
33016
250
252
33020
253
33021
254
255
33023
33024
33030
263
33032
265
33036
269
33038
33039
33040
273
33041
274
277
33045
33046
33048
33050
33052
285
286
33054
33057
289
290
291
33060
295
33064
33065
298
33067
33068
301
302
33071
305
33074
33075
33076
309
311
33080
314
316
317
33086
33087
320
323
33091
33094
33096
330
33099
334
335
33103
338
341
33110
33117
350
33118
351
352
33122
355
33123
33125
358
33126
359
360
33128
33131
364
365
33135
33136
368
33139
372
33140
33141
375
33143
33144
376
33145
33150
384
33152
386
33154
33155
388
33156
33157
390
392
33160
33161
33163
396
33164
33165
33166
33167
400
33168
403
404
33172
405
33174
407
33176
410
415
33183
33185
419
33187
420
33188
33189
422
423
426
33195
430
33198
431
33199
435
33205
437
441
33209
33210
444
33212
33213
446
33216
451
452
33220
453
33221
457
33225
458
459
33227
460
33229
462
33233
468
33236
33238
33239
472
33240
33242
475
476
33248
33249
482
483
33251
33252
33254
487
488
491
492
33261
496
497
33265
500
33268
33269
33273
508
509
33277
510
33278
511
512
513
33281
514
33282
515
33284
33286
33287
523
33291
524
527
532
533
33305
539
33307
33308
33309
33311
545
33314
547
33316
549
552
33320
553
33321
33323
556
33325
33326
559
33327
560
561
564
33332
33334
567
569
33338
572
33341
574
33342
33343
576
33344
33346
33348
33349
33351
33353
586
590
591
33360
592
594
33362
595
597
33366
600
603
606
33374
607
33375
608
610
613
33381
33383
616
33385
618
621
33390
33392
626
33394
627
33395
628
629
33399
33400
33401
634
33402
638
33406
645
33416
648
651
652
653
654
33423
656
657
659
33427
661
33430
663
33431
33434
33436
668
669
33437
33438
670
671
33440
33442
33443
676
677
33446
681
682
33451
33452
33453
685
686
33454
33455
33458
691
692
33461
695
696
33464
33465
698
33472
33475
33476
33477
33478
711
33479
33480
33481
33482
715
33483
33484
717
718
719
33488
33489
33491
33492
725
33494
727
730
731
732
33504
33505
738
33508
741
33510
745
746
33516
749
33517
754
33522
33523
756
757
758
759
33527
33528
761
33529
33530
33531
764
765
33533
766
33537
769
33538
772
33540
33541
33543
776
33544
33547
33548
781
33549
33550
784
785
786
787
788
789
790
794
796
797
799
33568
804
805
33573
810
33580
33581
817
33585
33586
820
33590
33592
825
33593
826
827
33596
829
832
835
836
33604
33605
838
33609
848
33616
849
33617
33618
851
33619
33620
33621
855
856
33625
857
858
860
33628
33629
862
33633
866
867
33636
33638
870
871
33639
873
875
33643
33644
878
880
882
887
33656
889
33659
892
894
33665
33666
899
900
901
903
904
33681
33682
915
33683
33684
33685
918
33686
919
920
922
33690
923
33691
924
33692
925
926
33695
929
33697
930
933
33702
937
938
33708
941
33709
33712
945
33714
948
33718
951
33720
953
33721
958
33726
959
33729
33730
33731
964
33733
33734
33735
969
33740
972
33741
974
975
33743
976
33745
33746
978
33747
33748
33749
981
982
983
984
33752
33755
988
994
995
33764
997
33766
998
1001
1003
33776
1010
33780
1013
1014
1015
33783
1018
33786
33787
1021
1023
1024
1025
1026
1027
33795
1030
1031
1033
33801
33802
33805
1038
1039
1040
33808
33810
1043
1044
33812
1047
33815
1048
33817
33818
33819
33822
1054
1056
33824
1057
33826
33827
1064
33833
1068
33836
1070
33838
1071
1074
33842
1080
33853
33854
1088
1090
1091
33859
1094
1096
33864
33865
33866
1100
1101
33869
33878
1112
33880
33882
1117
1118
33889
33893
33894
33898
1130
33899
1132
33905
1139
33907
1141
33909
33914
33916
1150
33918
33919
1154
33922
1155
33924
1157
33925
1160
1161
33929
1162
33930
33935
1168
1170
1171
33945
1178
33946
1180
1181
33949
1184
33952
1187
1188
33956
33957
33958
1191
33962
33964
1199
1200
33968
1201
33969
33971
33974
1209
33981
1214
33982
1215
1216
1217
1220
1221
1222
33992
1225
33993
1226
1228
33998
1231
33999
1232
34003
1236
34005
1238
1239
1240
1241
1243
34011
34013
1246
34015
34017
1250
1251
1255
1257
1259
1260
1261
34029
34030
34031
1263
1264
1267
34035
34036
1271
34040
1274
34044
1276
1277
34045
34047
34048
34049
1282
1283
34053
1286
34054
34055
1287
1288
34057
1290
34059
1291
34060
1296
1297
1299
34068
1301
1302
34073
1309
34077
1310
34078
34081
1316
34084
1320
1322
34092
1325
34096
1329
1332
34100
1333
1335
1336
34105
34106
1341
34109
34114
1348
1350
34118
1352
1354
34123
1357
34125
34126
1359
34127
1360
34128
1361
1365
1366
34134
1367
34135
1369
34137
1370
34138
34139
1373
1374
1375
1376
1378
34148
1381
34149
34150
34157
1391
34159
34160
34162
1395
34163
1397
1401
34169
1403
34173
34174
1406
1410
34181
1414
1415
1417
34185
34186
34187
34191
34194
34199
34203
1435
34204
1436
1438
34206
1439
34207
1440
1443
1444
1452
1453
34223
1456
34225
1458
1459
1461
34230
1463
1464
34233
1468
1470
1473
34242
1475
34243
1476
34245
1480
34248
34250
1483
1486
1488
34256
1489
34257
1490
1491
34262
34265
1500
34271
1504
1505
34273
1506
34275
34276
34277
34279
1512
34286
1520
34289
34290
1523
34292
34294
1528
1531
1532
34304
1537
1538
1540
1541
1544
34312
34313
34314
34316
1549
34317
34320
1556
34324
1557
1560
34330
1563
1564
34332
1566
34334
1567
1570
1571
1572
1573
34344
1577
34346
1580
34350
1582
34351
1583
1584
34352
34356
34357
34362
1596
1597
1599
34368
1601
34370
1604
1606
34374
34379
1612
34380
1613
34383
34385
34387
1620
34388
34389
34390
1623
34395
34396
1629
34397
34398
34399
1635
1637
34406
1639
1640
34408
34410
1644
1646
34415
34417
34419
1652
1655
1656
34426
1660
34429
34430
1663
1665
1666
34438
1671
1674
1678
34447
1682
1683
34452
34453
34455
34457
1690
34458
1691
34459
1693
34461
1695
34463
34464
1699
1700
1701
34470
1703
34472
1706
34474
1709
34480
34481
34484
34485
34488
1722
1723
34491
34492
34493
34494
34495
34496
1730
34499
1732
1734
34502
1735
34503
1737
1738
1739
1740
34508
1742
34513
1746
34514
1747
1750
1751
34519
1752
34520
34521
34526
1760
34528
1764
1765
34535
34536
1769
34539
34543
34546
34547
1781
34549
1783
34556
1789
1790
1791
34560
34562
34563
1796
1797
1799
1800
34570
34571
1804
34572
34573
1806
34574
34576
1812
1815
34583
1816
34584
1817
1818
34589
1822
1823
34591
34592
1826
34595
1827
1828
1830
34598
1831
34601
1838
34607
34608
1842
34610
34611
1844
34612
34614
34615
34617
1852
34622
1856
34624
1858
1859
34627
34632
1864
34634
1867
34637
1870
1872
1875
34643
34644
1879
34647
34648
34649
34652
1885
34653
34654
34655
34656
1889
1891
34660
1894
1895
34666
1904
34674
34675
34679
1912
34681
34683
1918
34687
34688
1921
34690
1923
1924
34693
1926
34698
1930
34700
1934
34705
1938
34708
1940
1941
34709
34710
1942
34711
34712
34713
1948
1949
34718
1951
34720
1954
1955
1957
34728
1961
34729
1962
34733
34734
1967
1969
1972
34740
1974
34743
34748
1982
34750
34751
1984
34752
1986
1987
34759
34762
34763
1996
34765
34766
1999
34769
2006
34775
34776
34777
34779
2012
34780
2013
2015
2016
34784
34785
34786
2020
2022
2023
34791
2025
34793
2026
2027
34796
2030
34799
2034
2036
2038
34807
2044
2048
34817
2050
34818
34819
2052
2053
2054
2057
34825
34827
2060
34828
2061
34829
2062
34832
34839
2071
2074
2077
34845
34846
34847
2080
2083
34851
2085
2086
2087
2088
34856
2090
2091
2095
34864
2097
34868
34869
34870
2103
34871
2104
2106
34875
34877
34878
34881
34882
2114
2115
2116
34887
34891
2124
34892
2125
34893
2127
34895
2129
2130
2134
34903
34904
2138
34906
2139
2140
2141
34909
2142
34911
2144
34912
34916
34917
2149
34918
34919
34923
2157
34926
2159
2166
34934
34935
2169
34937
34938
34944
2180
2181
34949
2182
34950
34951
2184
2188
2190
2191
2194
34963
2198
2199
34967
34968
34970
34971
34974
34976
34977
2211
2214
34982
2215
34985
34988
34989
34990
2223
34991
2224
34993
2226
2228
34996
34998
2232
35000
35001
2234
2236
35005
2239
35007
35008
35010
2242
2244
35012
2248
2249
2251
2253
35024
35025
35026
35027
2260
35032
35033
2265
35037
35039
35041
2275
35046
35047
2280
35051
2284
2285
35053
2287
35055
2289
35060
35061
2295
2296
35065
2298
35067
2300
2302
35070
2304
2306
35079
2313
35083
2316
35085
2318
35086
2319
35087
35088
35090
35091
2327
2328
35097
2332
2335
35103
2336
35104
35105
2338
35107
2340
2341
35111
35114
2350
35119
2352
2354
35122
35123
2357
2359
35127
35128
2361
2362
2363
35132
2365
35134
2367
2368
2369
35141
35143
35146
35149
35152
2386
35158
35160
35161
35162
2395
35163
2396
35165
2398
35167
35170
2403
35172
2405
35173
2406
35175
2410
2411
35179
2412
35181
35183
35184
2418
35186
2420
35188
35189
2423
35191
2426
35196
2430
35202
2434
35203
35205
2438
35208
2442
35210
2443
2444
35212
35213
35215
2450
35218
35224
35225
2458
2461
2462
35231
2467
35235
2470
35238
2474
35243
35244
2477
35249
35254
2487
2488
35256
2490
2493
35261
2496
35264
35267
2500
35272
2505
2506
2507
2508
2509
35277
35279
35280
2513
35281
2514
2516
2517
35286
35287
35290
2523
2525
35293
2527
35295
2529
35297
35298
2533
2536
35304
2537
2538
35306
2539
35307
35308
2543
35311
2544
35312
35313
35314
2547
2548
35318
35319
35320
2554
35327
2561
35330
2563
2565
35334
2569
35338
2571
35341
35343
2576
35347
2579
2580
2582
35350
35352
35354
35355
2589
2590
35361
35366
2598
2604
35372
35373
35377
35381
2613
2614
2616
35385
35386
2622
2624
35393
35394
35395
2627
35396
35400
2633
2636
35404
35405
35406
2638
35407
2639
35408
2643
2644
2647
35417
35418
2651
2653
35422
2656
2657
35425
35427
2660
35429
2662
35430
2663
2665
2666
35434
2667
2668
35436
35437
2670
35438
2672
35441
2674
35444
35447
35451
2686
2689
2691
2693
35461
2695
2696
35467
35468
2702
2703
35471
2704
35472
35474
2706
2707
35475
35476
35478
2711
35479
35480
35482
35483
2719
35487
35488
2721
35489
2722
35491
35493
35496
2729
35497
2731
2733
35505
2739
2746
35514
35515
2749
35517
35519
2752
2753
2754
2755
35523
2756
2758
2759
2760
2763
35531
35534
35535
2769
35539
35540
35543
35544
2779
35547
35548
2782
2783
35552
2785
2787
2790
35562
35563
35564
2796
2800
35570
2803
35571
2804
35572
2807
2811
2812
35580
35581
2816
35584
2818
35586
35587
35589
2822
2824
2825
35593
2827
2828
35597
35601
35603
2836
2837
2838
2839
35608
2840
35610
2844
2845
35615
2848
35616
35618
2851
2852
35621
35622
2856
2858
35626
2860
35629
35630
35631
2865
35633
35635
2868
2871
35639
2872
2873
2874
35645
35648
2882
35652
35655
2888
2889
35657
2890
35659
35661
2894
2896
2900
2902
35672
2905
2906
2907
35676
35677
35678
35681
2914
35682
2915
35683
2919
35691
2924
35692
2925
2927
35695
35696
2928
35700
35701
2934
35703
2938
35707
35709
35710
35711
2944
2945
2947
2950
35718
2954
35722
2958
35726
35727
2959
2961
35729
2965
2966
2967
35735
35736
35737
35741
2974
35742
35749
2982
2984
2985
2987
2988
35756
2989
35757
35761
35764
2998
3000
35768
3001
3002
35770
35775
3009
35777
3010
35779
35780
35782
3015
35784
3017
35785
3019
35787
3020
35789
35790
3023
35791
35793
35794
3027
35796
35798
35800
35802
35804
3037
35805
35806
3039
3041
35809
3042
35811
35812
3046
35815
3049
35817
35819
3052
3053
35824
3059
3061
3062
3064
35833
3065
35834
35836
3068
3071
35839
3073
3074
3076
35845
3078
3080
35848
3082
3083
35851
3086
35857
3091
3092
3093
3094
3095
3096
35866
3099
35867
3100
3101
3103
35872
3105
3106
3108
35877
35878
35880
3113
35881
35882
35883
35888
3120
3123
35894
3126
35895
35896
3136
35905
3138
3139
35907
35908
3142
3144
3145
35913
3146
35914
35915
3147
3148
3150
35918
3151
35920
3153
35921
35922
35925
3158
35928
3161
35930
3163
35931
3164
3165
35934
3167
35935
3168
35938
3171
35939
3172
35941
35942
35945
3179
3181
35955
3188
35956
3189
35957
3194
3195
35964
3196
3197
35965
3198
3199
35969
35975
35978
35979
3213
3214
3216
35992
3225
35994
35997
3230
3231
35999
3234
3235
36003
3236
3237
36007
3241
36010
3244
3245
36013
3246
36015
3248
36017
3250
3251
36019
3254
3255
3256
3257
36027
3262
3263
3266
3267
3274
3276
3278
36046
3280
3282
3286
36055
3288
3289
36058
3291
3292
36060
36061
36062
3294
3296
3297
36066
3299
36070
36071
3304
3305
36079
3311
3312
36080
3313
3319
36087
3321
36091
36094
3328
36096
3330
3331
36099
36101
36102
3334
36104
3337
3339
36107
3340
3341
36109
3343
3345
3347
36115
36117
3350
36118
36121
36122
3354
3355
3360
36129
36130
3363
36131
3365
36133
3366
36135
36136
36137
3370
3372
36140
3373
36142
3376
36144
3379
3380
36151
3384
3385
36154
3389
3391
36162
36164
3397
36166
36167
3401
3402
3403
3405
36174
3407
36175
36178
3413
36183
3416
36186
3423
3427
36196
3429
36201
3434
36202
36203
3436
36206
3440
36209
3442
36210
36213
3446
3447
3448
36216
36217
3452
36222
3456
36225
3459
3460
36229
3461
3464
3465
3468
36236
36237
3472
36240
36241
36242
3475
3479
36248
3480
3483
3485
36254
3491
36261
36264
36265
3498
36267
36268
3501
36269
3502
3508
3509
36278
3514
3515
36286
3521
36289
36292
3525
3527
36295
3528
3530
3531
3532
3534
36307
36308
3542
36312
36313
36314
3547
36315
3549
36318
36320
3553
3555
36323
3558
3559
3561
36330
3563
36332
3566
3567
36335
3568
36336
36337
36339
3574
36342
3576
3577
36346
3579
3580
36348
3581
36349
36351
36353
3586
36354
3587
3590
36358
3591
3592
36361
3594
3595
3598
3601
36371
36372
3604
3607
36376
3610
3613
3614
36384
3617
36387
3619
36388
3621
3622
3623
36393
3626
36397
3631
36399
3633
36401
3634
36402
36408
36409
3641
3643
36418
3651
3654
36424
36427
3661
36430
3663
36431
36433
3670
3675
3677
36446
36448
3682
36451
36455
3688
36457
3690
36459
3692
36460
3694
3695
3696
36464
36466
3699
3702
36470
3705
36474
36477
36479
3711
36483
36484
36485
3717
36487
3722
3723
36492
3724
3727
36497
36498
3732
36501
3734
3735
36503
3736
36508
3740
36511
36512
36513
3748
3749
3752
3754
36528
3762
3763
3765
3767
36537
3770
36539
3775
36545
3778
36548
3781
36550
3783
36551
36555
3788
3790
36559
36560
36561
3795
36563
3796
3798
3799
36567
3800
36569
3802
36571
36573
3812
3814
36582
3816
36584
36585
3818
36586
3821
36589
3822
3823
3827
36595
36596
3828
36597
36599
3834
3835
36604
3837
36606
36607
36608
3841
3842
3843
3844
36612
3845
3846
3847
3848
3849
3850
36619
36620
36623
3856
36624
36625
36627
36628
36630
3863
36634
3866
36635
3867
3868
36636
3870
36638
36639
36640
3873
3874
3875
36644
3878
36648
3882
36650
36652
3885
3886
3889
3890
36658
3893
3896
36667
3900
36669
3902
36673
36674
3907
36675
3909
3910
36678
36681
36682
3915
36683
36685
36687
36688
3924
3925
36695
3928
36696
3929
36697
36698
3936
36704
36705
36707
36712
36720
3955
3956
36725
3958
36726
36728
36730
3964
36732
3965
3967
36735
3969
3971
3973
36741
3974
36743
3975
3977
36747
3980
36752
36754
3987
36757
3992
3995
3996
3997
4000
4004
36772
36774
36778
36779
4012
36780
4013
36782
4015
4017
36785
36787
4020
4023
4024
4025
4026
4029
4030
4031
4032
36803
4038
4039
36808
4041
4045
4046
36814
4048
36816
4049
36817
4050
4051
36819
4053
36823
4057
36828
4061
4062
36830
4064
36835
4072
4074
36843
4078
36847
36849
36850
36852
36854
36856
36858
4090
36859
36861
4095
36863
36865
4100
4103
36877
36878
4113
4115
36883
4116
36887
4120
36889
36890
36891
4125
36893
36894
4128
4131
36899
4133
4134
36902
4135
36905
4138
36907
36908
36911
36913
4146
36914
36916
4148
4150
4151
36919
36921
4154
4155
36923
4156
36925
4158
4162
36932
4165
4167
36936
4169
4172
36943
4176
4177
36945
4178
36947
36948
36951
4184
4189
36959
36960
36961
4197
4198
36966
4199
4200
36968
36970
4203
4204
36972
4205
4209
4210
36978
36979
4212
4214
4216
4217
4218
4221
4223
36991
4226
36995
4228
36996
36997
37000
4236
37006
37007
37008
4241
4243
37012
4245
4246
4247
4248
37016
4250
37019
4252
37022
4254
37023
4256
4258
4259
37027
37030
4263
4265
37033
37034
37038
4271
4272
37040
37041
37043
37045
4278
4279
4280
4281
37049
4283
37052
4286
4287
4288
4289
4290
37064
4298
37069
37070
4303
4305
37073
37074
4307
37075
4308
4310
37078
4311
37079
37086
37087
4320
37088
37091
37095
37097
4331
37099
4332
4335
37103
37104
4336
37105
4339
37107
37108
4343
37113
4347
37115
4348
4351
37119
37121
4354
4355
37123
4356
4357
37126
4358
4359
37127
4360
4361
37129
4366
4369
37139
4372
37140
4379
37147
37148
4382
4383
37152
37158
37159
4391
37160
37162
37164
4401
37170
37171
4405
4408
4410
37179
4411
37180
4413
4415
4419
37187
4421
4422
37191
37193
37197
4429
37198
37201
4437
37208
4441
37212
4445
4447
4449
4450
4451
4452
4453
37223
37229
37231
37232
37234
37235
4469
4470
37240
4473
37242
37243
4476
37244
4477
37246
4479
37248
37249
37250
4487
37256
37257
4490
4493
37262
4496
4497
37268
37270
4506
37276
4511
4512
37280
37281
4516
4518
37286
4519
37288
37289
4522
37290
37292
4528
37296
4529
4530
4531
4533
4534
37302
37304
37306
4538
37308
4543
37311
37312
4544
37313
4546
37316
37319
4552
4553
37321
4556
37325
4558
4559
4560
37330
4563
37331
37333
37335
4568
37336
37339
37340
4573
37342
37343
37347
37348
4583
37354
37356
4588
37358
4590
37360
4592
37361
37363
37364
4597
37365
37366
4604
37373
37374
37375
4607
37378
37381
4613
37382
4615
37383
37384
4618
4619
37388
37390
37392
4625
37393
4627
4629
37397
4631
37399
4634
37404
4636
37405
37406
4640
4641
37409
37412
4646
4647
4648
4651
37419
4654
37422
37423
37424
37426
4660
37428
37429
4662
37432
4665
4666
37435
4668
37438
37439
4673
37442
4675
4677
4680
4687
37455
37456
37458
4694
37462
4695
37465
4703
37473
37475
37476
37477
4709
37480
37481
4714
4715
4718
4719
37487
4720
37488
4722
37490
37491
4724
4725
37494
37496
37497
4730
37498
4731
4733
37501
37503
37504
4736
37506
37507
37508
4741
37509
4743
37512
4746
37515
37516
37518
37520
4753
4756
4758
4759
37527
37528
4764
37532
4767
4768
37536
4769
37539
4774
37542
4776
37544
4778
4780
4781
4782
4784
4786
4788
4790
4791
4792
37561
4794
4795
37563
4797
37566
4799
37567
37569
4803
4805
37575
37576
4809
4813
37583
4817
37585
37587
37590
4823
37593
4827
37595
4832
37600
4833
37601
37605
4838
37608
4841
4843
37611
4844
37612
37613
37614
37615
4849
37617
37618
4851
37620
4853
4854
4855
37623
37626
37630
37632
4866
37634
4867
4868
37637
37638
37639
37640
37642
4875
37645
4878
37646
4879
4881
37649
4882
37651
37652
4885
4886
37654
37655
4888
37656
4889
4890
4892
37660
4894
37666
37667
37668
37671
37673
37675
4908
4910
37679
4913
37681
37682
37683
37687
4920
37688
37690
4922
4924
4930
37700
4935
37703
4936
4937
37706
4939
37708
4940
4941
37710
4943
37711
4945
37713
37714
37715
4948
37717
37718
37719
37722
37723
4957
4960
37728
37729
37730
37731
4966
4967
37737
4970
37740
4974
37743
4978
37746
4980
37748
37750
37753
4986
4989
4990
37760
4993
4994
4997
37767
4999
5002
37770
5003
5004
5007
37775
5012
5015
5016
37785
5018
37788
5022
37790
37791
5024
5025
37799
5035
37804
5036
37805
37806
37808
37809
5044
5045
37813
37814
37815
37822
5055
37823
5056
37826
5059
5060
37828
37829
37831
5066
5067
5069
37837
5072
5076
5077
37847
5080
37848
5083
5087
5088
37856
5090
5092
37860
5093
37862
37863
5096
37865
37867
5099
37874
37875
37877
5109
5110
37878
5111
37880
5113
37882
37885
5118
37886
5122
5123
37891
37893
5126
37895
5128
5129
37903
37904
5136
5138
37909
5144
37912
5146
37915
5149
37919
5151
5152
5153
5154
5156
5157
5158
37927
5160
5165
37935
37936
5169
37937
37938
5176
5178
37950
37954
37956
5189
37958
37959
5191
5192
37961
37962
5195
37963
5196
37966
37970
5202
37971
37972
5205
37975
37977
37979
5213
37982
5215
37985
37986
37987
37989
5223
37991
37994
5227
5228
5230
37998
5231
38000
5232
5233
38001
38004
38005
5239
38007
5243
38011
5244
5248
5249
5250
5252
5255
38024
5257
5260
38028
5262
5263
38032
5269
38037
38038
5271
5272
38040
5274
5275
5276
38046
5279
38047
5280
5282
5284
38053
38054
5287
38055
5288
38056
5289
38057
5293
38063
5297
5301
38069
5303
38071
5306
38077
5310
5311
5313
38083
38084
5317
38085
38086
5319
5320
38088
5321
5322
5323
5324
38092
5327
38097
38099
5334
5335
5337
5339
5340
5342
5344
38112
5347
38115
5350
5351
5352
38120
5354
38122
38123
5355
38124
38125
5358
5359
38131
5365
5367
38136
5371
38139
38140
38141
5374
38143
5376
38144
38145
38146
5379
38148
38150
5384
38153
38154
38156
38157
5391
38160
5393
38165
5400
38168
5401
38169
38170
5402
5404
38175
5412
38180
5413
38182
5418
38186
38188
38189
5422
38190
5424
5427
38195
5428
38198
38199
5440
5441
5446
5447
5448
5449
5450
5455
5457
5458
5461
5463
5464
5465
5468
5471
5473
5476
5478
5483
5490
5491
5494
5496
5503
5504
5505
5510
5512
5513
5514
5517
5519
5521
5522
5524
5532
5536
5538
5542
5543
5546
5547
5548
5550
5552
5553
5556
5558
5560
5564
5565
5567
5568
5572
5573
5575
5576
5580
5583
5587
5588
5589
5594
5595
5596
5597
5600
5601
5603
5604
5607
5610
5614
5615
5616
5621
5622
5624
5625
5628
5631
5635
5637
5641
5642
5643
5644
5646
5647
5649
5651
5652
5656
5657
5658
5663
5666
5668
5669
5670
5671
5672
5674
5678
5684
5685
5689
5693
5696
5700
5702
5706
5708
5709
5712
5714
5715
5716
5720
5721
5728
5729
5732
5733
5736
5742
5748
5749
5762
5764
5765
5768
5792
5797
5801
5804
5806
5807
5808
5810
5811
5812
5816
5817
5819
5825
5826
5830
5837
5838
5840
5841
5849
5852
5854
5859
5861
5863
5865
5872
5873
5874
5879
5880
5882
5887
5892
5894
5896
5901
5902
5906
5914
5915
5918
5919
5920
5922
5923
5924
5930
5933
5936
5937
5939
5942
5943
5944
5945
5952
5955
5956
5961
5962
5965
5968
5970
5976
5979
5980
5987
5990
5991
5993
5995
5998
5999
6003
6004
6005
6006
6008
6010
6015
6017
6020
6023
6024
6026
6029
6031
6032
6033
6034
6043
6045
6048
6049
6051
6057
6059
6066
6067
6071
6072
6076
6079
6085
6086
6088
6094
6096
6101
6102
6105
6107
6110
6114
6118
6119
6126
6127
6128
6130
6137
6138
6140
6144
6145
6148
6149
6155
6158
6159
6168
6170
6172
6174
6175
6178
6180
6185
6188
6194
6195
6199
6200
6201
6202
6204
6216
6218
6229
6233
6234
6236
6241
6242
6243
6244
6247
6248
6250
6257
6258
6263
6264
6265
6271
6277
6279
6287
6291
6293
6294
6296
6297
6298
6303
6309
6314
6321
6322
6323
6324
6325
6326
6329
6331
6332
6343
6345
6347
6348
6349
6350
6352
6355
6358
6359
6362
6369
6370
6372
6374
6377
6379
6382
6384
6385
6392
6394
6396
6400
6404
6406
6407
6408
6409
6413
6416
6419
6421
6422
6424
6425
6427
6429
6432
6438
6442
6444
6446
6451
6452
6454
6455
6456
6461
6462
6468
6478
6479
6484
6486
6490
6494
6497
6504
6505
6507
6508
6510
6512
6513
6516
6519
6520
6522
6530
6538
6540
6541
6546
6547
6549
6550
6552
6553
6554
6564
6569
6570
6572
6574
6579
6581
6583
6584
6588
6591
6592
6595
6597
6603
6604
6606
6609
6615
6623
6625
6627
6632
6636
6643
6650
6651
6652
6653
6654
6657
6659
6661
6662
6663
6664
6672
6674
6678
6681
6687
6690
6693
6695
6699
6704
6705
6708
6709
6711
6712
6715
6723
6724
6727
6731
6739
6741
6747
6754
6757
6758
6761
6763
6764
6765
6767
6769
6770
6775
6776
6780
6792
6797
6800
6801
6802
6803
6806
6808
6818
6822
6823
6828
6830
6831
6833
6838
6839
6843
6845
6847
6849
6850
6857
6858
6859
6860
6866
6872
6873
6874
6882
6887
6888
6892
6893
6898
6899
6903
6906
6907
6909
6910
6916
6921
6923
6925
6927
6928
6942
6943
6944
6945
6946
6948
6949
6952
6954
6955
6956
6962
6963
6965
6966
6967
6971
6973
6975
6976
6978
6981
6983
6984
6985
6987
6990
6991
6992
6997
6999
7001
7002
7003
7004
7006
7010
7011
7013
7015
7017
7020
7021
7022
7026
7029
7032
7033
7034
7035
7037
7038
7046
7049
7052
7057
7059
7062
7064
7065
7071
7078
7079
7082
7085
7086
7087
7096
7098
7099
7102
7105
7108
7109
7110
7112
7117
7119
7122
7125
7126
7128
7130
7131
7132
7140
7141
7142
7146
7148
7151
7159
7161
7162
7166
7169
7170
7173
7175
7178
7180
7181
7182
7185
7189
7191
7192
7195
7198
7200
7204
7205
7206
7207
7214
7215
7217
7220
7228
7231
7235
7238
7239
7241
7243
7245
7247
7253
7255
7258
7260
7263
7267
7268
7270
7275
7276
7278
7280
7281
7283
7285
7293
7294
7295
7296
7297
7299
7308
7312
7314
7320
7321
7322
7324
7326
7327
7328
7330
7333
7339
7342
7345
7348
7358
7361
7363
7368
7373
7375
7379
7380
7381
7384
7389
7390
7394
7396
7398
7399
7403
7405
7408
7416
7418
7421
7424
7425
7426
7427
7432
7434
7436
7439
7441
7442
7443
7445
7446
7457
7460
7462
7464
7467
7468
7469
7474
7475
7476
7480
7481
7483
7484
7486
7487
7489
7490
7492
7495
7504
7507
7511
7512
7515
7516
7518
7523
7524
7528
7530
7531
7539
7540
7545
7555
7556
7557
7561
7566
7567
7570
7572
7575
7581
7582
7585
7587
7588
7591
7593
7603
7605
7606
7608
7612
7614
7615
7617
7618
7620
7623
7624
7625
7627
7632
7635
7636
7639
7640
7641
7642
7646
7650
7651
7656
7658
7659
7662
7666
7671
7672
7675
7680
7684
7685
7687
7692
7693
7699
7700
7702
7703
7705
7706
7708
7711
7714
7722
7731
7736
7737
7740
7742
7744
7746
7757
7759
7763
7764
7765
7766
7769
7773
7775
7776
7779
7787
7790
7791
7792
7795
7797
7800
7801
7805
7811
7814
7816
7817
7818
7819
7820
7822
7823
7824
7825
7832
7835
7841
7842
7845
7846
7847
7850
7857
7864
7867
7868
7873
7877
7878
7881
7883
7886
7889
7891
7894
7896
7900
7902
7903
7909
7914
7916
7919
7921
7922
7923
7924
7926
7928
7930
7931
7935
7937
7938
7940
7941
7942
7948
7949
7953
7954
7956
7957
7962
7974
7984
7985
7987
7989
7990
7992
7995
8001
8010
8011
8014
8017
8020
8022
8030
8032
8034
8037
8045
8049
8052
8053
8054
8056
8057
8060
8061
8062
8064
8065
8068
8074
8078
8080
8081
8084
8085
8086
8087
8088
8095
8098
8100
8102
8103
8104
8110
8115
8116
8118
8120
8121
8122
8123
8125
8132
8133
8135
8136
8145
8146
8147
8148
8149
8150
8152
8153
8155
8161
8163
8167
8168
8170
8171
8172
8177
8178
8179
8180
8181
8186
8187
8188
8190
8193
8200
8202
8205
8206
8208
8212
8216
8217
8220
8221
8225
8231
8241
8242
8244
8247
8250
8254
8255
8256
8261
8262
8266
8267
8276
8278
8279
8288
8295
8296
8300
8301
8302
8303
8307
8309
8310
8314
8315
8316
8318
8324
8326
8329
8331
8332
8336
8337
8340
8343
8349
8352
8354
8356
8358
8360
8362
8366
8372
8374
8375
8378
8379
8392
8396
8398
8408
8412
8424
8432
8435
8445
8449
8456
8457
8461
8464
8465
8466
8467
8468
8470
8471
8472
8474
8476
8477
8482
8483
8486
8487
8490
8491
8494
8498
8500
8501
8502
8504
8506
8509
8510
8511
8519
8523
8524
8530
8531
8533
8534
8539
8540
8541
8546
8547
8548
8555
8557
8558
8560
8562
8565
8566
8568
8571
8574
8580
8587
8588
8589
8594
8595
8596
8597
8599
8601
8602
8604
8609
8614
8617
8619
8620
8622
8624
8626
8629
8630
8632
8634
8635
8640
8643
8653
8654
8655
8657
8661
8666
8667
8669
8673
8675
8676
8678
8681
8682
8685
8686
8696
8698
8700
8703
8706
8707
8708
8715
8717
8718
8723
8724
8729
8730
8737
8738
8739
8743
8744
8745
8750
8752
8753
8754
8761
8767
8770
8772
8776
8778
8781
8782
8784
8785
8790
8794
8795
8797
8801
8804
8805
8806
8808
8810
8814
8815
8817
8818
8819
8828
8834
8835
8836
8838
8841
8843
8848
8851
8852
8853
8855
8859
8861
8862
8863
8868
8869
8874
8882
8886
8890
8894
8897
8898
8901
8902
8904
8909
8910
8911
8912
8915
8921
8922
8924
8929
8930
8935
8937
8938
8939
8941
8943
8945
8948
8956
8957
8964
8968
8974
8976
8979
8981
8982
8984
8986
8987
8994
8996
8999
9001
9002
9003
9004
9005
9006
9011
9017
9022
9029
9031
9033
9041
9048
9059
9060
9067
9071
9078
9079
9083
9084
9088
9090
9091
9092
9095
9096
9098
9102
9105
9108
9109
9110
9113
9117
9119
9121
9122
9124
9130
9134
9135
9144
9145
9146
9152
9161
9162
9164
9168
9170
9171
9172
9173
9178
9180
9183
9188
9189
9192
9204
9207
9208
9212
9213
9215
9216
9219
9220
9229
9231
9233
9236
9238
9242
9246
9248
9249
9254
9256
9264
9267
9271
9275
9278
9279
9280
9282
9286
9291
9293
9297
9300
9303
9304
9308
9310
9312
9313
9314
9319
9327
9328
9331
9336
9340
9341
9347
9348
9353
9354
9359
9360
9361
9362
9367
9368
9369
9370
9371
9372
9374
9377
9378
9380
9382
9383
9390
9394
9398
9399
9402
9404
9417
9418
9420
9423
9426
9428
9430
9431
9434
9438
9439
9443
9444
9447
9454
9455
9456
9457
9462
9466
9467
9470
9473
9475
9476
9477
9484
9496
9501
9503
9505
9509
9514
9515
9516
9518
9519
9524
9525
9527
9532
9533
9534
9535
9537
9539
9543
9546
9550
9553
9559
9561
9563
9564
9567
9568
9570
9571
9573
9575
9579
9580
9588
9589
9590
9593
9596
9597
9599
9604
9605
9613
9619
9623
9624
9627
9630
9631
9632
9634
9635
9639
9640
9643
9648
9652
9660
9661
9665
9669
9671
9673
9676
9678
9679
9690
9695
9696
9702
9709
9711
9712
9714
9723
9725
9728
9730
9732
9735
9736
9737
9740
9742
9744
9746
9750
9751
9753
9756
9757
9758
9768
9770
9771
9774
9787
9789
9791
9793
9795
9796
9800
9802
9807
9810
9812
9815
9818
9829
9834
9836
9837
9838
9843
9848
9849
9855
9857
9860
9864
9865
9866
9868
9870
9871
9878
9884
9885
9890
9893
9894
9897
9902
9903
9904
9907
9912
9913
9916
9921
9925
9927
9929
9931
9938
9952
9953
9954
9957
9959
9967
9970
9972
9975
9976
9978
9979
9982
9984
9985
9986
9988
9994
9996
10003
10005
10006
10008
10009
10010
10013
10014
10017
10018
10019
10027
10028
10029
10030
10034
10037
10039
10040
10041
10042
10043
10047
10049
10053
10055
10059
10062
10064
10065
10068
10070
10071
10074
10075
10077
10081
10085
10093
10094
10096
10099
10100
10102
10106
10107
10108
10110
10118
10119
10122
10123
10126
10127
10128
10130
10131
10132
10135
10137
10138
10139
10140
10141
10142
10144
10145
10146
10147
10148
10149
10152
10155
10156
10157
10159
10161
10162
10164
10165
10168
10174
10175
10178
10180
10181
10182
10184
10185
10188
10189
10190
10191
10194
10197
10200
10203
10210
10211
10212
10222
10223
10225
10231
10235
10237
10239
10241
10245
10246
10248
10250
10254
10255
10257
10259
10263
10264
10267
10269
10271
10275
10278
10279
10282
10286
10288
10289
10294
10295
10297
10301
10304
10310
10315
10317
10318
10320
10321
10323
10325
10329
10333
10335
10341
10342
10351
10353
10358
10359
10362
10363
10364
10365
10370
10372
10374
10376
10380
10382
10384
10386
10389
10390
10394
10396
10398
10399
10403
10404
10407
10408
10409
10412
10414
10415
10416
10418
10419
10420
10424
10426
10427
10430
10437
10438
10441
10442
10447
10448
10451
10456
10464
10468
10473
10475
10479
10480
10483
10485
10494
10495
10496
10503
10504
10505
10506
10509
10512
10515
10521
10526
10527
10531
10533
10536
10539
10541
10543
10545
10551
10552
10554
10558
10565
10570
10571
10575
10579
10582
10589
10593
10594
10599
10602
10603
10606
10608
10611
10613
10615
10616
10618
10620
10622
10623
10624
10626
10628
10629
10631
10632
10634
10637
10646
10647
10648
10650
10656
10662
10663
10666
10667
10672
10674
10678
10679
10683
10684
10685
10689
10692
10695
10696
10702
10703
10705
10706
10707
10711
10712
10714
10715
10716
10717
10720
10723
10727
10730
10732
10733
10743
10745
10746
10750
10753
10758
10759
10765
10766
10767
10770
10771
10773
10776
10781
10791
10793
10797
10798
10799
10804
10806
10807
10808
10809
10814
10815
10816
10818
10823
10824
10826
10828
10829
10834
10842
10844
10846
10850
10853
10855
10856
10859
10861
10862
10863
10865
10866
10870
10878
10882
10883
10886
10889
10891
10892
10893
10894
10895
10897
10899
10905
10907
10913
10914
10918
10920
10922
10928
10930
10943
10946
10950
10951
10955
10957
10964
10965
10966
10970
10973
10976
10978
10987
10988
10993
10994
11003
11006
11007
11009
11019
11023
11029
11030
11031
11041
11046
11051
11052
11053
11054
11056
11059
11060
11063
11073
11077
11078
11082
11083
11084
11087
11088
11089
11095
11097
11098
11100
11101
11103
11108
11109
11110
11116
11117
11118
11119
11122
11123
11127
11131
11138
11140
11146
11147
11148
11152
11153
11155
11156
11158
11161
11171
11174
11176
11177
11179
11181
11185
11190
11194
11195
11196
11198
11200
11202
11204
11207
11210
11215
11217
11218
11222
11223
11226
11228
11230
11231
11234
11235
11236
11238
11240
11245
11246
11247
11255
11258
11260
11262
11263
11267
11268
11269
11273
11275
11276
11278
11279
11280
11284
11285
11291
11292
11301
11303
11306
11308
11309
11310
11315
11318
11320
11321
11322
11330
11333
11335
11337
11338
11339
11340
11342
11343
11347
11354
11356
11359
11360
11362
11368
11375
11377
11379
11380
11381
11382
11383
11387
11397
11398
11400
11403
11404
11407
11411
11413
11416
11419
11424
11426
11430
11433
11434
11436
11440
11447
11450
11457
11464
11465
11467
11468
11470
11471
11474
11475
11476
11477
11483
11485
11489
11492
11493
11499
11501
11503
11509
11510
11513
11521
11527
11528
11529
11531
11534
11535
11540
11543
11544
11549
11550
11551
11552
11553
11555
11559
11565
11568
11571
11572
11573
11574
11578
11580
11589
11590
11591
11598
11601
11602
11604
11606
11609
11611
11613
11621
11622
11625
11626
11629
11637
11638
11640
11645
11647
11652
11660
11663
11672
11673
11683
11685
11687
11689
11690
11691
11695
11697
11698
11700
11705
11706
11707
11708
11709
11710
11712
11714
11719
11724
11730
11733
11737
11740
11744
11745
11747
11751
11756
11759
11767
11768
11772
11775
11776
11780
11792
11797
11799
11800
11803
11805
11807
11809
11811
11818
11824
11827
11829
11836
11839
11842
11843
11844
11846
11852
11853
11854
11860
11865
11868
11870
11872
11873
11874
11875
11876
11877
11883
11885
11889
11892
11895
11896
11897
11898
11899
11902
11903
11904
11905
11906
11907
11910
11917
11923
11927
11928
11930
11936
11939
11941
11945
11948
11950
11953
11956
11957
11962
11963
11967
11968
11971
11975
11976
11978
11982
11983
11984
11988
11989
11991
11993
11995
11999
12002
12003
12004
12007
12008
12020
12021
12023
12027
12032
12035
12037
12038
12039
12040
12042
12044
12045
12046
12048
12049
12050
12051
12053
12056
12058
12060
12062
12066
12068
12070
12072
12073
12074
12079
12081
12082
12089
12094
12097
12100
12101
12104
12109
12110
12113
12116
12117
12119
12120
12121
12122
12123
12124
12125
12126
12129
12133
12134
12141
12152
12155
12157
12163
12165
12166
12171
12172
12174
12179
12180
12183
12191
12192
12194
12199
12200
12202
12204
12207
12216
12217
12219
12221
12222
12223
12224
12226
12227
12232
12236
12240
12243
12247
12250
12256
12257
12260
12261
12263
12265
12268
12276
12281
12289
12292
12294
12299
12301
12304
12307
12308
12309
12313
12315
12319
12321
12324
12327
12328
12337
12339
12340
12347
12348
12350
12354
12356
12357
12359
12361
12364
12369
12371
12374
12375
12379
12381
12382
12387
12388
12395
12401
12404
12405
12410
12417
12418
12421
12425
12429
12431
12434
12435
12438
12441
12445
12452
12453
12469
12470
12473
12476
12481
12482
12486
12489
12490
12492
12495
12498
12500
12501
12506
12510
12512
12516
12517
12519
12520
12523
12524
12529
12531
12534
12536
12539
12541
12542
12545
12547
12548
12557
12559
12564
12565
12568
12575
12580
12581
12582
12584
12586
12587
12596
12597
12599
12609
12610
12615
12619
12626
12628
12629
12631
12639
12640
12641
12646
12648
12650
12660
12667
12669
12677
12679
12681
12683
12686
12689
12697
12700
12701
12702
12709
12712
12716
12717
12719
12724
12725
12729
12732
12736
12737
12739
12743
12744
12745
12746
12748
12752
12755
12756
12761
12762
12764
12765
12767
12768
12772
12773
12781
12784
12786
12789
12790
12794
12797
12802
12803
12805
12809
12812
12815
12820
12823
12825
12826
12829
12830
12832
12837
12840
12843
12849
12850
12854
12856
12859
12866
12870
12873
12875
12877
12881
12887
12888
12889
12891
12893
12895
12896
12898
12900
12901
12902
12903
12907
12909
12910
12913
12915
12916
12917
12918
12920
12924
12926
12929
12932
12935
12936
12944
12953
12955
12956
12962
12965
12966
12970
12973
12975
12976
12980
12982
12983
12988
12993
12994
12998
13003
13007
13010
13014
13017
13019
13020
13022
13029
13032
13033
13035
13037
13040
13045
13046
13047
13049
13050
13052
13053
13055
13056
13058
13060
13064
13066
13068
13071
13075
13080
13081
13082
13085
13086
13087
13096
13097
13099
13100
13106
13110
13113
13114
13115
13118
13120
13128
13130
13133
13138
13143
13144
13146
13149
13150
13153
13155
13159
13163
13167
13171
13172
13175
13176
13177
13201
13204
13206
13207
13209
13211
13214
13220
13221
13224
13226
13229
13230
13236
13238
13239
13242
13244
13254
13255
13261
13265
13268
13277
13280
13281
13282
13287
13289
13291
13293
13295
13297
13299
13300
13301
13302
13306
13308
13309
13310
13321
13324
13332
13342
13343
13344
13349
13350
13353
13354
13362
13363
13364
13367
13368
13370
13371
13372
13374
13376
13381
13384
13387
13391
13394
13403
13404
13408
13409
13410
13412
13415
13420
13432
13433
13435
13437
13440
13441
13442
13443
13446
13449
13451
13454
13455
13456
13471
13473
13484
13486
13490
13496
13498
13503
13507
13510
13517
13518
13519
13525
13526
13527
13528
13531
13541
13543
13544
13549
13551
13552
13558
13561
13562
13569
13572
13573
13574
13575
13578
13579
13580
13581
13583
13585
13590
13594
13595
13597
13598
13602
13606
13610
13611
13629
13630
13631
13633
13634
13637
13638
13639
13641
13642
13660
13666
13667
13668
13669
13671
13673
13674
13676
13678
13682
13684
13687
13689
13690
13695
13696
13700
13701
13702
13703
13704
13706
13708
13709
13711
13712
13713
13717
13718
13725
13729
13730
13732
13735
13739
13740
13741
13742
13743
13744
13752
13753
13755
13760
13762
13763
13764
13766
13767
13768
13769
13770
13772
13775
13777
13783
13785
13787
13788
13791
13798
13803
13805
13808
13811
13813
13815
13816
13818
13819
13823
13825
13828
13829
13831
13832
13833
13835
13839
13846
13849
13853
13854
13856
13857
13864
13865
13875
13876
13878
13879
13880
13884
13885
13893
13895
13900
13904
13909
13917
13924
13926
13927
13929
13930
13931
13932
13937
13938
13942
13944
13946
13948
13951
13952
13954
13957
13959
13960
13961
13963
13964
13971
13973
13974
13975
13980
13981
13982
13985
13986
13988
13989
13995
13997
14006
14007
14012
14016
14019
14022
14023
14025
14029
14035
14036
14038
14039
14044
14045
14047
14048
14050
14054
14055
14057
14060
14061
14062
14065
14070
14074
14075
14077
14082
14086
14093
14094
14096
14098
14100
14104
14109
14111
14112
14114
14115
14119
14121
14122
14124
14125
14130
14131
14132
14142
14143
14145
14147
14152
14153
14154
14157
14159
14164
14166
14168
14169
14171
14177
14181
14182
14184
14185
14191
14195
14196
14200
14202
14204
14206
14207
14208
14212
14213
14221
14223
14227
14229
14231
14232
14234
14235
14238
14241
14242
14245
14250
14252
14253
14256
14257
14259
14263
14264
14271
14273
14276
14279
14284
14287
14288
14292
14293
14294
14300
14302
14303
14304
14308
14312
14313
14314
14317
14318
14320
14321
14324
14328
14330
14331
14333
14341
14342
14345
14346
14347
14349
14352
14353
14354
14358
14359
14365
14366
14367
14370
14372
14373
14378
14379
14381
14382
14386
14387
14388
14390
14391
14397
14403
14405
14407
14408
14409
14410
14413
14417
14421
14424
14425
14428
14430
14431
14436
14438
14443
14445
14446
14447
14448
14449
14451
14453
14454
14458
14462
14463
14466
14468
14469
14471
14476
14477
14478
14479
14483
14489
14491
14492
14493
14497
14501
14507
14508
14509
14511
14513
14514
14515
14531
14534
14537
14542
14543
14547
14548
14550
14552
14554
14555
14557
14559
14560
14565
14567
14568
14570
14571
14582
14588
14590
14594
14602
14603
14607
14610
14615
14618
14622
14623
14624
14627
14630
14633
14636
14639
14641
14642
14649
14655
14659
14662
14671
14675
14680
14681
14683
14684
14685
14688
14690
14691
14694
14697
14700
14703
14706
14715
14716
14718
14721
14722
14725
14728
14730
14734
14735
14741
14745
14746
14747
14748
14749
14751
14756
14757
14758
14760
14761
14763
14764
14769
14773
14774
14775
14784
14785
14786
14788
14789
14790
14792
14795
14796
14805
14806
14807
14809
14810
14815
14816
14817
14822
14823
14824
14825
14826
14827
14829
14830
14839
14840
14841
14843
14844
14849
14850
14851
14856
14857
14859
14864
14868
14872
14873
14874
14875
14876
14878
14879
14880
14881
14885
14886
14888
14891
14892
14894
14900
14902
14903
14904
14905
14908
14910
14913
14915
14919
14920
14921
14925
14927
14931
14937
14938
14941
14942
14943
14948
14949
14953
14958
14964
14965
14966
14974
14978
14981
14982
14984
14987
14988
14991
14994
14997
15000
15001
15004
15006
15009
15010
15012
15014
15017
15020
15022
15031
15032
15035
15036
15039
15046
15050
15054
15055
15059
15062
15063
15064
15069
15070
15080
15081
15083
15084
15089
15093
15097
15098
15104
15106
15116
15124
15125
15129
15132
15134
15136
15138
15139
15140
15142
15144
15146
15149
15151
15155
15162
15164
15165
15166
15167
15170
15172
15173
15175
15177
15180
15183
15189
15191
15193
15195
15196
15198
15202
15203
15205
15206
15211
15212
15215
15216
15218
15223
15225
15226
15227
15230
15233
15238
15240
15241
15243
15245
15251
15252
15253
15259
15265
15267
15268
15271
15274
15276
15277
15278
15283
15286
15290
15291
15298
15307
15308
15310
15311
15316
15320
15321
15324
15330
15341
15342
15346
15347
15348
15353
15354
15361
15363
15364
15365
15369
15370
15372
15373
15375
15378
15380
15381
15383
15386
15392
15397
15399
15402
15405
15409
15411
15414
15419
15422
15427
15428
15429
15435
15442
15445
15446
15447
15453
15457
15464
15466
15468
15472
15473
15475
15478
15484
15488
15492
15495
15496
15501
15502
15504
15509
15511
15515
15524
15525
15529
15530
15534
15535
15536
15542
15543
15549
15555
15560
15563
15570
15572
15573
15579
15580
15582
15583
15586
15590
15591
15594
15595
15599
15610
15611
15615
15620
15623
15624
15625
15630
15632
15633
15636
15638
15639
15641
15645
15651
15653
15656
15664
15665
15668
15670
15678
15680
15684
15685
15687
15689
15692
15693
15694
15696
15700
15702
15708
15709
15712
15716
15720
15721
15726
15731
15733
15737
15742
15748
15751
15752
15753
15756
15759
15761
15762
15763
15768
15769
15773
15776
15777
15781
15782
15784
15787
15788
15790
15791
15795
15796
15802
15806
15808
15821
15824
15826
15828
15829
15834
15837
15840
15844
15850
15856
15858
15862
15863
15870
15872
15874
15878
15880
15882
15889
15891
15892
15900
15904
15905
15907
15910
15911
15912
15914
15917
15920
15933
15935
15937
15938
15939
15941
15942
15944
15947
15949
15950
15954
15956
15960
15961
15965
15972
15982
15984
15987
15990
15993
15994
15999
16012
16013
16018
16019
16021
16024
16025
16026
16027
16031
16034
16035
16036
16037
16038
16047
16048
16054
16055
16066
16067
16068
16071
16072
16073
16077
16079
16083
16086
16087
16093
16094
16096
16097
16105
16109
16114
16118
16120
16121
16122
16124
16141
16143
16144
16151
16153
16155
16157
16161
16165
16166
16168
16169
16172
16173
16179
16181
16182
16190
16193
16194
16200
16207
16208
16214
16218
16225
16227
16228
16230
16231
16232
16233
16234
16236
16238
16239
16243
16244
16245
16250
16252
16257
16262
16263
16264
16266
16269
16270
16271
16272
16273
16283
16284
16285
16287
16288
16289
16290
16294
16300
16301
16302
16303
16306
16308
16312
16315
16322
16323
16327
16330
16343
16348
16351
16352
16360
16361
16363
16365
16367
16370
16373
16376
16386
16390
16393
16398
16399
16404
16408
16411
16413
16415
16421
16429
16430
16431
16432
16436
16444
16447
16455
16457
16460
16462
16465
16466
16469
16470
16471
16472
16473
16475
16477
16481
16483
16487
16488
16489
16493
16495
16503
16504
16509
16511
16512
16519
16520
16523
16525
16526
16530
16531
16534
16535
16536
16537
16542
16545
16548
16556
16559
16561
16562
16563
16565
16566
16568
16571
16577
16578
16581
16590
16594
16596
16600
16609
16613
16615
16618
16620
16621
16623
16625
16626
16630
16637
16641
16644
16651
16655
16656
16660
16661
16662
16664
16665
16667
16669
16671
16672
16674
16675
16676
16679
16681
16683
16686
16690
16691
16692
16693
16694
16698
16700
16701
16708
16710
16715
16719
16721
16724
16726
16730
16733
16734
16735
16736
16737
16738
16741
16742
16743
16750
16751
16752
16754
16755
16756
16758
16759
16764
16768
16770
16772
16776
16781
16783
16784
16786
16788
16789
16791
16792
16793
16794
16795
16797
16803
16808
16809
16810
16811
16813
16816
16821
16822
16823
16827
16828
16829
16835
16838
16840
16841
16843
16845
16853
16855
16856
16858
16859
16860
16861
16862
16863
16864
16866
16867
16869
16870
16872
16877
16878
16879
16883
16884
16885
16886
16889
16891
16898
16902
16903
16911
16915
16919
16922
16926
16930
16932
16933
16935
16939
16941
16942
16944
16946
16947
16948
16953
16954
16955
16956
16957
16958
16961
16963
16965
16971
16973
16983
16987
16989
16996
16997
17000
17002
17003
17008
17009
17015
17019
17025
17034
17035
17037
17039
17040
17043
17044
17045
17046
17053
17057
17058
17060
17061
17066
17072
17077
17083
17085
17089
17092
17094
17095
17097
17098
17100
17101
17104
17108
17110
17113
17115
17116
17119
17120
17132
17137
17139
17141
17143
17145
17147
17150
17152
17154
17155
17158
17160
17161
17168
17169
17170
17171
17173
17176
17178
17183
17189
17202
17206
17208
17210
17212
17214
17215
17223
17228
17229
17230
17233
17234
17235
17237
17238
17240
17245
17247
17252
17256
17257
17259
17260
17262
17264
17275
17278
17282
17285
17288
17289
17290
17291
17293
17295
17297
17300
17302
17304
17309
17311
17314
17316
17317
17320
17324
17325
17326
17335
17345
17347
17350
17352
17356
17358
17361
17362
17365
17366
17367
17371
17372
17378
17379
17380
17382
17385
17386
17387
17389
17394
17395
17399
17400
17403
17406
17408
17409
17410
17414
17415
17417
17418
17420
17423
17427
17433
17435
17442
17445
17448
17452
17455
17457
17459
17460
17462
17468
17469
17470
17472
17473
17474
17477
17478
17479
17485
17487
17488
17490
17491
17492
17493
17496
17500
17501
17502
17505
17506
17509
17510
17518
17519
17523
17524
17526
17528
17529
17530
17534
17537
17540
17541
17543
17545
17546
17557
17559
17564
17565
17566
17567
17569
17570
17573
17574
17577
17578
17586
17588
17592
17593
17595
17597
17599
17600
17605
17607
17611
17612
17614
17615
17617
17619
17621
17630
17634
17636
17637
17639
17641
17642
17644
17648
17649
17650
17653
17661
17666
17667
17668
17669
17672
17677
17678
17683
17685
17687
17697
17700
17702
17706
17712
17715
17718
17724
17729
17730
17733
17735
17737
17743
17744
17747
17748
17750
17754
17757
17758
17759
17761
17763
17766
17767
17770
17771
17773
17775
17777
17784
17785
17792
17793
17797
17800
17803
17805
17810
17813
17815
17816
17818
17824
17825
17826
17829
17831
17833
17834
17836
17841
17842
17844
17846
17848
17850
17851
17855
17858
17859
17861
17862
17863
17864
17871
17873
17874
17878
17887
17891
17893
17894
17896
17903
17906
17907
17910
17913
17914
17916
17918
17919
17921
17934
17935
17938
17943
17947
17949
17954
17959
17965
17970
17972
17974
17978
17981
17985
17989
17990
17994
17995
17996
17998
18000
18002
18004
18008
18012
18013
18019
18023
18025
18038
18040
18042
18044
18047
18048
18051
18054
18055
18057
18058
18063
18064
18065
18071
18074
18075
18076
18078
18080
18081
18082
18086
18091
18093
18096
18099
18100
18101
18107
18114
18115
18116
18117
18119
18121
18126
18127
18134
18143
18149
18152
18157
18158
18165
18167
18168
18170
18173
18179
18183
18186
18189
18191
18192
18194
18197
18198
18200
18201
18203
18207
18208
18218
18220
18229
18231
18233
18234
18235
18237
18245
18246
18253
18254
18256
18260
18265
18266
18270
18272
18273
18275
18277
18279
18280
18283
18286
18292
18295
18298
18299
18300
18303
18306
18307
18308
18310
18312
18313
18315
18316
18317
18318
18319
18323
18325
18327
18328
18329
18330
18336
18337
18338
18341
18343
18349
18352
18353
18355
18358
18362
18366
18368
18369
18370
18371
18377
18380
18381
18386
18388
18390
18392
18397
18398
18401
18409
18412
18413
18415
18416
18421
18424
18425
18426
18430
18433
18435
18436
18438
18439
18440
18441
18443
18446
18447
18450
18452
18457
18462
18465
18466
18467
18468
18470
18477
18478
18479
18480
18482
18487
18488
18489
18492
18494
18496
18497
18503
18514
18518
18522
18526
18528
18530
18533
18535
18537
18538
18540
18541
18544
18545
18547
18550
18552
18556
18560
18563
18568
18569
18573
18576
18584
18586
18589
18591
18592
18593
18596
18598
18600
18604
18605
18606
18607
18610
18615
18620
18625
18626
18627
18631
18632
18636
18637
18638
18640
18641
18646
18647
18653
18658
18661
18662
18673
18677
18678
18684
18686
18689
18692
18697
18700
18704
18708
18711
18712
18714
18718
18719
18720
18721
18723
18731
18732
18736
18744
18745
18753
18757
18758
18761
18762
18763
18765
18767
18775
18779
18784
18785
18787
18790
18791
18794
18795
18799
18801
18805
18811
18814
18816
18817
18819
18821
18822
18825
18829
18830
18836
18837
18839
18843
18844
18849
18851
18857
18858
18859
18861
18865
18866
18868
18878
18880
18881
18882
18884
18885
18886
18888
18890
18893
18896
18901
18902
18910
18916
18918
18924
18925
18927
18928
18929
18931
18932
18935
18940
18941
18943
18945
18946
18948
18949
18952
18953
18955
18959
18960
18961
18963
18964
18966
18972
18976
18977
18979
18981
18982
18992
18993
18995
18996
18997
19001
19012
19013
19016
19021
19023
19025
19027
19029
19031
19035
19037
19038
19039
19043
19044
19054
19061
19066
19068
19074
19080
19083
19085
19090
19097
19101
19102
19106
19108
19110
19112
19114
19119
19120
19129
19132
19133
19136
19139
19140
19142
19143
19144
19146
19151
19156
19157
19160
19162
19166
19170
19171
19172
19173
19186
19187
19188
19190
19192
19205
19207
19210
19217
19220
19222
19226
19227
19233
19236
19245
19248
19251
19252
19253
19254
19257
19259
19262
19263
19269
19275
19276
19281
19282
19284
19288
19293
19297
19298
19300
19302
19303
19304
19306
19307
19309
19310
19311
19316
19317
19320
19322
19323
19328
19330
19331
19332
19333
19341
19342
19345
19347
19349
19352
19353
19355
19359
19360
19362
19363
19368
19369
19370
19372
19375
19381
19384
19386
19387
19389
19390
19391
19393
19394
19395
19396
19398
19400
19402
19405
19409
19411
19412
19413
19417
19419
19420
19424
19426
19429
19431
19432
19436
19437
19440
19442
19443
19444
19447
19454
19455
19458
19461
19466
19469
19473
19477
19479
19482
19483
19485
19486
19488
19490
19492
19494
19495
19498
19508
19509
19514
19516
19518
19520
19521
19525
19527
19532
19533
19537
19539
19543
19545
19550
19552
19558
19560
19561
19562
19566
19568
19571
19572
19577
19581
19583
19584
19590
19591
19600
19608
19609
19614
19615
19618
19621
19622
19627
19629
19633
19635
19636
19637
19640
19641
19642
19643
19644
19646
19655
19658
19660
19663
19664
19668
19675
19677
19678
19679
19680
19685
19686
19692
19694
19695
19696
19698
19699
19700
19704
19705
19707
19708
19712
19714
19715
19717
19720
19721
19729
19734
19742
19743
19747
19751
19753
19756
19760
19765
19766
19771
19773
19774
19776
19782
19784
19785
19786
19787
19794
19795
19797
19799
19802
19804
19806
19808
19812
19816
19817
19820
19821
19822
19825
19831
19832
19833
19834
19835
19836
19838
19840
19852
19853
19855
19857
19862
19866
19871
19874
19879
19882
19886
19887
19889
19892
19893
19895
19896
19897
19898
19902
19908
19914
19916
19922
19923
19925
19929
19930
19937
19939
19943
19945
19946
19949
19950
19956
19963
19965
19966
19968
19969
19970
19972
19973
19974
19982
19983
19984
19986
19987
19992
19994
19995
19997
19998
20001
20002
20003
20004
20008
20009
20010
20011
20014
20017
20022
20024
20026
20027
20030
20032
20033
20034
20038
20039
20045
20047
20048
20053
20055
20056
20058
20061
20063
20065
20066
20067
20068
20075
20077
20080
20084
20085
20093
20094
20096
20097
20099
20101
20103
20108
20109
20113
20123
20124
20125
20130
20131
20134
20135
20136
20139
20143
20144
20146
20151
20152
20154
20157
20160
20161
20162
20163
20164
20165
20172
20173
20179
20192
20194
20196
20197
20198
20200
20201
20203
20208
20211
20213
20215
20218
20226
20227
20228
20233
20240
20245
20253
20255
20256
20258
20259
20261
20264
20269
20270
20271
20275
20279
20281
20283
20284
20290
20296
20302
20305
20306
20307
20312
20313
20314
20330
20336
20346
20347
20348
20350
20352
20353
20357
20358
20360
20362
20365
20366
20371
20372
20376
20380
20381
20383
20384
20392
20397
20408
20414
20415
20425
20428
20429
20431
20437
20438
20440
20441
20442
20443
20445
20451
20453
20461
20462
20464
20466
20467
20471
20475
20477
20480
20486
20491
20497
20498
20500
20501
20504
20505
20507
20508
20510
20511
20512
20517
20520
20521
20524
20527
20529
20534
20535
20537
20541
20542
20544
20545
20546
20547
20548
20551
20555
20557
20559
20562
20563
20565
20566
20572
20577
20582
20583
20590
20591
20592
20595
20597
20600
20604
20608
20609
20610
20617
20621
20622
20624
20626
20628
20631
20632
20634
20637
20639
20641
20643
20645
20649
20650
20652
20653
20654
20656
20659
20662
20665
20666
20674
20676
20678
20680
20681
20682
20683
20684
20699
20700
20701
20704
20708
20716
20722
20724
20726
20728
20729
20730
20731
20732
20735
20736
20739
20741
20742
20744
20746
20750
20753
20756
20757
20763
20766
20770
20772
20774
20776
20785
20786
20792
20793
20795
20796
20798
20800
20801
20802
20810
20813
20818
20824
20827
20830
20831
20837
20853
20855
20857
20866
20867
20871
20873
20875
20876
20877
20882
20885
20887
20892
20893
20895
20897
20898
20900
20901
20902
20906
20909
20913
20916
20917
20919
20921
20924
20930
20933
20935
20936
20937
20938
20940
20941
20947
20948
20953
20956
20958
20972
20973
20974
20975
20980
20986
20989
20993
20998
20999
21001
21002
21009
21015
21016
21018
21022
21024
21025
21030
21036
21038
21039
21043
21045
21049
21051
21052
21054
21058
21066
21070
21072
21075
21081
21082
21088
21089
21093
21096
21100
21103
21106
21109
21111
21112
21114
21115
21123
21124
21127
21132
21142
21146
21147
21150
21153
21154
21155
21157
21162
21165
21167
21169
21177
21186
21191
21192
21193
21194
21197
21198
21199
21200
21204
21205
21211
21212
21213
21216
21217
21221
21228
21231
21233
21234
21242
21244
21245
21250
21254
21258
21262
21264
21265
21269
21274
21276
21278
21284
21290
21292
21294
21298
21302
21303
21304
21305
21311
21312
21313
21315
21317
21319
21322
21324
21327
21328
21329
21330
21332
21335
21336
21339
21340
21345
21346
21347
21349
21354
21357
21364
21367
21372
21374
21377
21379
21382
21384
21385
21386
21387
21395
21396
21398
21399
21403
21408
21409
21410
21415
21419
21420
21421
21422
21424
21428
21430
21433
21436
21437
21439
21441
21448
21450
21451
21454
21455
21463
21466
21469
21480
21490
21493
21499
21505
21508
21513
21515
21516
21518
21520
21524
21526
21537
21543
21549
21550
21552
21553
21554
21556
21560
21567
21570
21571
21572
21573
21575
21579
21583
21584
21586
21589
21594
21596
21597
21598
21600
21601
21614
21615
21616
21619
21620
21623
21628
21630
21632
21633
21635
21636
21637
21638
21639
21642
21643
21645
21650
21651
21653
21655
21656
21658
21661
21663
21665
21667
21672
21673
21674
21680
21681
21684
21686
21692
21698
21700
21701
21703
21709
21711
21715
21718
21719
21721
21726
21727
21730
21735
21736
21739
21741
21743
21744
21745
21747
21748
21749
21755
21756
21759
21760
21762
21763
21770
21772
21776
21777
21783
21784
21789
21790
21792
21793
21795
21796
21799
21800
21801
21802
21803
21809
21812
21814
21817
21821
21826
21827
21828
21829
21831
21832
21833
21834
21836
21837
21838
21840
21841
21845
21848
21849
21850
21852
21857
21865
21868
21869
21871
21876
21877
21878
21885
21894
21897
21898
21901
21904
21910
21911
21912
21925
21929
21934
21936
21937
21940
21947
21948
21953
21954
21956
21958
21959
21963
21966
21968
21970
21972
21976
21978
21980
21984
21985
21986
21987
21989
21991
21997
21998
22002
22003
22012
22018
22021
22026
22028
22029
22030
22031
22035
22037
22039
22043
22048
22049
22051
22052
22055
22056
22059
22065
22067
22071
22075
22078
22079
22093
22096
22098
22099
22101
22103
22104
22106
22110
22113
22115
22117
22119
22123
22126
22128
22133
22135
22138
22141
22143
22147
22151
22153
22155
22156
22157
22158
22159
22160
22163
22166
22169
22171
22174
22175
22179
22180
22181
22182
22184
22185
22187
22188
22196
22199
22200
22201
22202
22203
22209
22212
22215
22220
22221
22224
22227
22229
22231
22234
22238
22239
22240
22246
22248
22251
22252
22255
22259
22262
22266
22267
22271
22274
22275
22276
22278
22279
22281
22283
22284
22285
22287
22288
22290
22293
22294
22299
22300
22308
22310
22314
22315
22317
22318
22321
22327
22332
22334
22335
22336
22340
22341
22346
22347
22349
22355
22359
22361
22375
22376
22380
22385
22387
22388
22389
22393
22397
22398
22399
22400
22401
22409
22410
22411
22413
22418
22421
22423
22424
22429
22432
22433
22434
22435
22438
22441
22443
22445
22446
22448
22455
22456
22457
22459
22465
22468
22469
22470
22479
22480
22482
22484
22486
22487
22488
22491
22492
22493
22495
22499
22504
22508
22514
22517
22522
22523
22526
22528
22529
22530
22532
22534
22536
22538
22539
22547
22550
22551
22555
22556
22560
22564
22567
22569
22570
22571
22573
22575
22576
22577
22580
22581
22583
22584
22585
22586
22593
22594
22595
22597
22601
22609
22612
22614
22615
22616
22617
22620
22621
22623
22625
22633
22637
22639
22641
22652
22656
22659
22661
22663
22668
22669
22672
22681
22682
22687
22690
22692
22693
22694
22695
22696
22697
22702
22705
22706
22714
22715
22718
22720
22721
22722
22723
22724
22725
22729
22732
22733
22734
22738
22740
22743
22753
22754
22757
22759
22762
22763
22765
22766
22769
22770
22774
22779
22782
22789
22790
22791
22792
22803
22805
22812
22813
22815
22817
22820
22822
22825
22827
22830
22831
22833
22835
22838
22843
22844
22851
22852
22855
22856
22858
22860
22861
22862
22863
22864
22868
22872
22874
22878
22879
22881
22883
22884
22886
22888
22889
22892
22893
22897
22898
22902
22904
22905
22908
22910
22911
22916
22918
22921
22930
22933
22937
22939
22941
22948
22951
22952
22954
22958
22959
22961
22963
22964
22967
22971
22981
22983
22984
22990
23002
23008
23009
23012
23015
23016
23018
23019
23022
23024
23025
23028
23030
23033
23038
23040
23041
23045
23050
23052
23053
23054
23058
23060
23065
23069
23071
23077
23078
23081
23083
23084
23087
23090
23091
23093
23104
23109
23113
23118
23119
23121
23124
23126
23127
23128
23129
23131
23137
23143
23144
23146
23147
23153
23154
23159
23160
23161
23162
23165
23168
23170
23176
23180
23181
23182
23188
23189
23190
23194
23196
23198
23202
23207
23212
23217
23219
23221
23222
23223
23224
23225
23227
23230
23233
23235
23237
23240
23241
23252
23253
23256
23257
23260
23262
23266
23269
23275
23281
23282
23284
23286
23288
23294
23295
23296
23300
23303
23304
23307
23310
23313
23314
23315
23319
23320
23322
23323
23325
23332
23336
23338
23339
23340
23341
23345
23346
23348
23349
23352
23354
23360
23362
23365
23369
23371
23376
23382
23385
23388
23394
23396
23400
23402
23410
23411
23415
23417
23421
23425
23426
23431
23432
23433
23444
23446
23447
23448
23449
23451
23452
23453
23457
23458
23461
23462
23463
23464
23466
23468
23472
23474
23478
23481
23483
23488
23494
23497
23499
23503
23509
23511
23513
23515
23520
23525
23527
23531
23533
23534
23537
23538
23540
23551
23552
23556
23558
23562
23563
23564
23574
23577
23581
23590
23593
23597
23599
23601
23609
23610
23612
23613
23619
23620
23623
23631
23632
23633
23634
23647
23648
23660
23663
23665
23669
23673
23679
23684
23690
23691
23694
23695
23699
23701
23703
23704
23705
23707
23709
23711
23713
23716
23720
23722
23725
23727
23733
23736
23737
23738
23740
23742
23746
23748
23750
23751
23756
23761
23764
23767
23768
23770
23782
23783
23784
23788
23794
23800
23804
23806
23810
23811
23813
23816
23820
23822
23824
23825
23837
23839
23853
23854
23856
23857
23858
23859
23860
23863
23864
23867
23871
23875
23878
23884
23885
23886
23890
23894
23897
23899
23902
23907
23913
23914
23917
23919
23920
23925
23927
23931
23932
23933
23935
23936
23938
23943
23945
23947
23949
23953
23957
23958
23961
23968
23970
23971
23973
23974
23983
23987
23991
23993
23994
23995
23996
24013
24017
24031
24035
24040
24043
24045
24047
24049
24053
24054
24055
24056
24060
24061
24065
24066
24067
24071
24073
24074
24075
24080
24081
24082
24084
24089
24090
24091
24094
24096
24101
24110
24112
24116
24118
24122
24123
24130
24135
24139
24140
24144
24145
24148
24149
24152
24156
24158
24162
24165
24171
24174
24176
24177
24178
24179
24184
24191
24201
24206
24209
24214
24216
24219
24223
24224
24227
24228
24229
24231
24234
24242
24244
24245
24251
24254
24255
24256
24257
24261
24263
24266
24276
24280
24281
24284
24291
24293
24297
24304
24310
24312
24313
24315
24316
24317
24318
24321
24323
24325
24329
24332
24335
24337
24338
24339
24341
24342
24343
24345
24346
24347
24350
24352
24353
24357
24359
24362
24363
24368
24373
24377
24381
24382
24386
24390
24395
24396
24397
24401
24402
24408
24411
24415
24419
24426
24431
24449
24450
24454
24457
24460
24461
24464
24469
24474
24477
24479
24483
24485
24492
24493
24497
24503
24504
24508
24511
24518
24522
24524
24525
24527
24531
24535
24537
24538
24547
24548
24549
24552
24554
24555
24556
24557
24559
24564
24569
24570
24574
24577
24581
24582
24583
24585
24589
24593
24595
24601
24603
24611
24618
24620
24624
24629
24630
24632
24635
24636
24637
24638
24642
24644
24646
24648
24650
24656
24657
24658
24661
24664
24670
24672
24673
24677
24678
24682
24683
24686
24687
24691
24693
24697
24698
24700
24701
24709
24710
24711
24712
24715
24719
24720
24721
24723
24724
24727
24729
24732
24737
24738
24741
24745
24748
24752
24759
24760
24761
24762
24766
24769
24770
24771
24780
24782
24785
24786
24791
24793
24795
24796
24800
24803
24805
24806
24811
24814
24818
24820
24824
24828
24830
24837
24838
24841
24843
24847
24852
24855
24856
24858
24859
24861
24872
24875
24876
24879
24886
24894
24895
24905
24908
24921
24924
24925
24929
24934
24935
24939
24942
24944
24945
24946
24949
24951
24956
24957
24958
24965
24968
24969
24970
24973
24975
24977
24980
24988
24990
24997
24999
25001
25004
25005
25006
25010
25015
25017
25018
25019
25020
25021
25022
25023
25025
25026
25029
25033
25034
25038
25039
25040
25041
25042
25044
25048
25049
25052
25054
25056
25061
25065
25070
25071
25073
25074
25076
25077
25082
25085
25087
25089
25091
25095
25097
25112
25113
25117
25121
25123
25125
25127
25129
25134
25136
25137
25139
25142
25147
25148
25150
25151
25154
25155
25158
25163
25164
25171
25174
25175
25177
25183
25184
25187
25188
25190
25193
25197
25203
25204
25205
25208
25210
25214
25217
25219
25220
25222
25224
25226
25227
25228
25233
25234
25235
25242
25248
25251
25254
25256
25258
25259
25263
25264
25266
25269
25271
25274
25278
25279
25280
25288
25289
25291
25295
25299
25300
25305
25307
25308
25309
25315
25319
25323
25326
25328
25330
25334
25336
25337
25342
25346
25348
25352
25355
25357
25360
25361
25362
25370
25373
25374
25375
25377
25380
25381
25383
25385
25401
25402
25404
25405
25406
25407
25423
25424
25427
25429
25433
25436
25440
25443
25444
25446
25447
25448
25449
25453
25454
25459
25460
25462
25463
25466
25472
25473
25474
25478
25479
25482
25485
25486
25490
25494
25498
25499
25501
25503
25504
25507
25511
25512
25515
25519
25521
25522
25523
25535
25536
25537
25538
25540
25543
25550
25552
25559
25560
25561
25568
25569
25573
25577
25579
25585
25589
25590
25594
25596
25600
25601
25602
25605
25606
25607
25609
25611
25612
25615
25618
25620
25628
25629
25636
25638
25639
25641
25642
25644
25645
25650
25652
25655
25657
25658
25660
25661
25663
25666
25667
25668
25670
25675
25676
25679
25682
25683
25687
25700
25702
25708
25711
25712
25713
25716
25720
25721
25725
25728
25733
25735
25738
25746
25748
25752
25758
25759
25762
25765
25766
25769
25770
25772
25773
25774
25775
25777
25780
25781
25782
25783
25787
25789
25794
25798
25799
25800
25804
25805
25807
25808
25812
25814
25817
25820
25824
25827
25828
25830
25834
25841
25842
25843
25848
25851
25852
25854
25857
25861
25863
25869
25870
25871
25875
25883
25887
25891
25895
25898
25899
25903
25910
25911
25912
25913
25916
25919
25922
25926
25929
25930
25932
25933
25935
25939
25940
25941
25943
25947
25950
25951
25954
25957
25962
25965
25967
25974
25978
25981
25983
25987
25988
25990
25994
25995
25996
25997
25998
26001
26002
26007
26017
26019
26022
26025
26026
26028
26030
26033
26036
26037
26038
26040
26044
26048
26051
26052
26056
26060
26069
26073
26077
26081
26082
26083
26084
26085
26087
26092
26098
26100
26113
26121
26123
26126
26128
26133
26135
26138
26139
26143
26151
26152
26154
26156
26158
26160
26161
26165
26167
26168
26170
26171
26172
26173
26176
26178
26181
26182
26185
26186
26189
26190
26191
26193
26198
26201
26205
26206
26208
26211
26215
26216
26217
26228
26230
26232
26233
26239
26240
26241
26248
26263
26266
26274
26275
26279
26281
26284
26285
26286
26288
26290
26291
26293
26294
26296
26302
26306
26308
26310
26313
26314
26319
26320
26321
26323
26327
26338
26340
26349
26350
26353
26358
26359
26360
26361
26363
26364
26368
26369
26371
26372
26373
26375
26377
26384
26389
26391
26396
26397
26402
26403
26405
26408
26409
26412
26416
26417
26420
26421
26424
26425
26426
26432
26434
26436
26442
26443
26445
26446
26449
26450
26453
26454
26455
26459
26460
26462
26464
26466
26468
26470
26471
26472
26477
26479
26480
26482
26486
26487
26491
26495
26496
26497
26498
26502
26505
26507
26510
26512
26521
26524
26528
26531
26533
26535
26540
26544
26545
26546
26547
26552
26553
26554
26555
26556
26559
26560
26565
26568
26570
26572
26575
26577
26578
26581
26586
26587
26589
26591
26594
26603
26606
26610
26615
26616
26617
26620
26621
26622
26623
26624
26625
26627
26632
26640
26642
26644
26646
26655
26656
26657
26658
26662
26664
26674
26677
26678
26679
26692
26696
26698
26708
26709
26710
26713
26714
26715
26718
26719
26726
26728
26733
26735
26739
26740
26741
26744
26745
26749
26750
26751
26755
26757
26761
26765
26766
26767
26768
26770
26776
26778
26779
26781
26785
26789
26791
26792
26793
26795
26796
26798
26799
26800
26803
26804
26805
26810
26813
26814
26817
26818
26823
26825
26829
26832
26835
26836
26837
26838
26842
26843
26844
26845
26848
26849
26853
26855
26859
26860
26863
26864
26867
26868
26869
26871
26877
26879
26883
26889
26890
26891
26892
26894
26898
26901
26904
26905
26907
26909
26910
26914
26917
26919
26925
26936
26945
26946
26953
26954
26957
26958
26961
26964
26965
26967
26969
26970
26971
26977
26980
26981
26984
26985
26988
26990
26992
26993
26994
26996
26997
27002
27003
27004
27005
27007
27008
27011
27013
27014
27021
27023
27026
27027
27029
27036
27039
27044
27047
27053
27060
27067
27070
27073
27074
27076
27077
27078
27088
27093
27100
27104
27107
27108
27112
27113
27115
27117
27118
27122
27125
27133
27135
27140
27143
27144
27147
27149
27151
27159
27162
27164
27165
27168
27169
27170
27171
27178
27179
27180
27189
27195
27196
27197
27198
27202
27207
27210
27211
27212
27216
27220
27222
27223
27230
27234
27236
27238
27239
27241
27248
27251
27253
27255
27258
27259
27264
27265
27272
27274
27277
27278
27284
27285
27289
27291
27292
27294
27295
27296
27298
27308
27320
27321
27322
27326
27328
27329
27330
27335
27336
27338
27340
27342
27344
27345
27346
27348
27349
27354
27359
27361
27362
27363
27370
27371
27373
27374
27376
27379
27380
27381
27382
27383
27384
27387
27391
27395
27397
27402
27403
27407
27411
27414
27416
27417
27424
27425
27426
27427
27429
27434
27435
27437
27441
27444
27445
27446
27447
27453
27456
27457
27459
27460
27462
27464
27465
27466
27468
27469
27471
27472
27489
27493
27495
27496
27500
27502
27503
27510
27513
27519
27521
27522
27523
27525
27527
27528
27532
27534
27535
27538
27542
27543
27545
27547
27548
27557
27559
27561
27565
27567
27571
27576
27578
27579
27581
27582
27583
27585
27587
27589
27590
27597
27601
27603
27611
27617
27619
27620
27626
27628
27629
27631
27637
27639
27648
27651
27652
27655
27658
27659
27660
27662
27665
27666
27667
27669
27672
27676
27683
27687
27688
27689
27695
27696
27698
27703
27707
27708
27711
27712
27714
27717
27718
27728
27729
27732
27733
27734
27745
27746
27756
27757
27758
27765
27766
27767
27772
27779
27788
27790
27792
27797
27801
27805
27806
27808
27811
27812
27815
27819
27820
27826
27831
27833
27834
27837
27838
27845
27847
27848
27849
27851
27855
27858
27865
27868
27872
27873
27874
27875
27879
27880
27884
27887
27889
27895
27896
27898
27901
27902
27903
27904
27905
27906
27911
27918
27921
27924
27926
27930
27931
27932
27933
27934
27935
27936
27937
27939
27942
27951
27952
27953
27954
27959
27960
27970
27971
27974
27975
27981
27987
27988
27989
27990
27991
27992
27994
27999
28000
28003
28006
28007
28012
28016
28021
28023
28024
28026
28029
28035
28036
28037
28038
28040
28042
28044
28046
28047
28049
28050
28051
28052
28054
28058
28062
28063
28065
28068
28073
28078
28079
28082
28088
28089
28090
28093
28097
28098
28099
28101
28103
28109
28112
28116
28120
28125
28130
28131
28134
28135
28148
28154
28155
28162
28165
28167
28171
28173
28184
28187
28189
28192
28195
28196
28199
28207
28208
28209
28212
28216
28218
28222
28225
28228
28229
28230
28231
28237
28241
28244
28245
28249
28251
28253
28255
28257
28258
28259
28263
28265
28266
28267
28269
28271
28276
28281
28286
28290
28293
28297
28300
28307
28308
28309
28318
28321
28323
28325
28326
28327
28331
28334
28335
28336
28337
28339
28340
28348
28349
28351
28354
28358
28364
28371
28372
28375
28376
28381
28383
28388
28396
28398
28399
28403
28404
28405
28406
28408
28409
28410
28415
28416
28417
28420
28425
28429
28432
28435
28439
28440
28443
28458
28463
28465
28469
28476
28480
28481
28483
28484
28486
28487
28491
28494
28495
28498
28499
28501
28505
28507
28512
28513
28518
28520
28522
28524
28527
28537
28538
28545
28546
28547
28549
28551
28559
28562
28563
28564
28565
28567
28570
28573
28578
28583
28584
28589
28590
28591
28597
28598
28601
28614
28622
28623
28627
28632
28635
28640
28641
28643
28645
28646
28650
28651
28653
28657
28661
28663
28671
28673
28674
28675
28677
28678
28679
28680
28681
28682
28683
28684
28688
28689
28690
28691
28692
28698
28701
28707
28709
28714
28715
28717
28719
28730
28732
28735
28740
28741
28742
28745
28746
28751
28753
28755
28760
28761
28763
28764
28765
28767
28770
28772
28779
28781
28785
28789
28799
28803
28807
28814
28815
28818
28820
28826
28827
28830
28831
28836
28842
28843
28847
28848
28850
28856
28858
28862
28869
28871
28872
28873
28883
28884
28885
28886
28887
28895
28897
28912
28914
28915
28919
28921
28922
28927
28928
28929
28933
28936
28939
28940
28946
28954
28955
28959
28964
28967
28974
28975
28976
28979
28982
28984
28985
28988
28989
28990
28996
28998
29000
29003
29006
29008
29009
29021
29024
29027
29030
29032
29035
29036
29040
29043
29048
29054
29055
29059
29066
29073
29076
29081
29082
29084
29086
29091
29097
29100
29101
29104
29107
29112
29117
29118
29120
29121
29124
29125
29127
29130
29134
29138
29139
29141
29142
29144
29147
29153
29154
29156
29159
29160
29162
29164
29165
29166
29167
29170
29172
29177
29178
29180
29181
29184
29186
29189
29192
29194
29195
29196
29198
29203
29204
29210
29215
29218
29219
29221
29222
29223
29226
29229
29232
29237
29248
29249
29252
29254
29256
29257
29261
29262
29264
29265
29267
29271
29273
29276
29279
29281
29284
29285
29288
29294
29297
29299
29300
29303
29309
29311
29316
29317
29318
29322
29325
29326
29329
29335
29336
29337
29338
29339
29344
29347
29349
29353
29358
29359
29363
29367
29372
29387
29390
29394
29396
29399
29400
29402
29404
29406
29408
29413
29414
29424
29426
29427
29435
29441
29447
29448
29451
29452
29453
29454
29460
29462
29463
29465
29466
29467
29475
29477
29479
29480
29484
29486
29487
29489
29493
29497
29498
29500
29502
29504
29505
29506
29508
29510
29512
29514
29516
29517
29518
29523
29524
29525
29530
29532
29534
29536
29538
29545
29546
29548
29556
29557
29559
29564
29568
29570
29571
29573
29577
29583
29584
29586
29594
29596
29597
29599
29604
29606
29609
29611
29615
29618
29619
29625
29627
29628
29630
29636
29637
29638
29641
29642
29643
29644
29645
29647
29648
29650
29652
29653
29656
29658
29659
29666
29673
29674
29675
29690
29695
29698
29700
29705
29710
29711
29718
29724
29728
29729
29737
29738
29740
29742
29743
29747
29748
29760
29761
29763
29766
29767
29768
29773
29775
29781
29782
29784
29785
29786
29787
29788
29789
29795
29797
29799
29800
29802
29807
29809
29814
29817
29823
29825
29833
29837
29840
29844
29854
29857
29859
29862
29867
29871
29874
29884
29886
29887
29892
29893
29894
29897
29901
29904
29905
29906
29912
29922
29923
29924
29925
29931
29934
29935
29936
29937
29938
29941
29943
29944
29946
29948
29951
29952
29954
29958
29959
29960
29965
29966
29967
29970
29978
29982
29986
29992
29993
29994
29997
29998
30002
30011
30013
30015
30016
30022
30028
30029
30032
30037
30038
30045
30046
30047
30055
30068
30069
30070
30076
30077
30079
30080
30091
30092
30093
30098
30100
30101
30103
30105
30106
30109
30121
30122
30123
30127
30128
30130
30131
30132
30133
30137
30148
30151
30156
30157
30162
30163
30165
30167
30171
30172
30174
30180
30181
30182
30184
30185
30188
30193
30195
30196
30197
30210
30214
30227
30230
30239
30240
30241
30243
30246
30248
30249
30250
30252
30254
30255
30256
30261
30264
30266
30268
30271
30272
30275
30276
30279
30281
30282
30283
30285
30287
30288
30293
30295
30296
30302
30307
30313
30317
30319
30321
30323
30324
30326
30327
30329
30330
30333
30336
30345
30349
30350
30351
30352
30353
30354
30359
30360
30367
30372
30374
30379
30384
30387
30389
30393
30396
30399
30401
30402
30404
30406
30407
30411
30416
30420
30421
30423
30425
30426
30427
30430
30433
30434
30435
30447
30451
30452
30457
30459
30463
30464
30469
30473
30479
30481
30482
30485
30486
30487
30488
30489
30490
30491
30492
30495
30498
30502
30506
30514
30515
30517
30520
30521
30522
30527
30529
30532
30535
30536
30537
30540
30541
30542
30544
30551
30552
30554
30555
30556
30562
30564
30565
30567
30570
30575
30581
30582
30587
30588
30590
30596
30599
30600
30604
30607
30608
30610
30611
30615
30618
30619
30620
30623
30629
30630
30633
30638
30641
30642
30644
30646
30647
30656
30658
30660
30662
30666
30668
30674
30679
30684
30685
30687
30688
30692
30694
30695
30700
30703
30705
30707
30711
30714
30716
30721
30723
30724
30727
30732
30734
30737
30740
30741
30742
30743
30747
30753
30754
30763
30766
30771
30773
30774
30776
30777
30779
30787
30793
30794
30795
30796
30797
30811
30813
30817
30819
30827
30828
30830
30831
30832
30833
30835
30836
30839
30843
30844
30851
30852
30854
30856
30858
30862
30864
30867
30884
30888
30893
30895
30896
30897
30902
30903
30905
30906
30909
30910
30911
30924
30926
30927
30929
30931
30935
30937
30950
30953
30955
30956
30957
30958
30965
30967
30972
30974
30976
30979
30982
30985
30986
30987
30995
31000
31001
31009
31010
31013
31015
31018
31022
31023
31029
31033
31036
31037
31038
31039
31043
31044
31045
31047
31049
31052
31054
31064
31071
31074
31079
31086
31090
31094
31095
31096
31106
31107
31109
31116
31118
31123
31129
31130
31133
31136
31137
31138
31148
31155
31156
31164
31166
31167
31169
31172
31174
31179
31185
31187
31193
31196
31197
31200
31202
31204
31209
31210
31213
31221
31222
31226
31227
31229
31230
31231
31232
31238
31239
31242
31243
31247
31248
31249
31254
31256
31257
31259
31260
31262
31265
31266
31271
31272
31277
31279
31280
31285
31291
31293
31296
31299
31309
31314
31319
31320
31321
31331
31334
31338
31339
31345
31346
31349
31350
31351
31352
31353
31355
31356
31358
31359
31360
31364
31369
31371
31377
31380
31382
31383
31390
31392
31393
31394
31395
31397
31400
31402
31405
31406
31411
31419
31423
31425
31426
31427
31431
31433
31437
31440
31443
31447
31449
31450
31454
31460
31463
31465
31468
31480
31482
31483
31487
31491
31493
31494
31496
31498
31499
31501
31508
31511
31514
31516
31517
31518
31519
31520
31522
31527
31529
31530
31532
31533
31534
31535
31543
31555
31558
31559
31561
31566
31567
31576
31584
31588
31589
31591
31598
31599
31600
31603
31605
31608
31610
31612
31614
31623
31627
31628
31629
31631
31636
31638
31647
31649
31650
31661
31663
31666
31667
31670
31673
31675
31677
31679
31682
31686
31690
31694
31695
31698
31702
31703
31704
31706
31708
31719
31728
31732
31735
31737
31740
31744
31751
31753
31756
31758
31762
31764
31765
31770
31771
31772
31785
31787
31790
31795
31797
31801
31809
31812
31813
31814
31816
31817
31826
31829
31832
31835
31836
31841
31842
31849
31851
31853
31854
31855
31856
31859
31863
31864
31867
31870
31875
31881
31883
31885
31891
31901
31902
31903
31907
31910
31911
31917
31919
31926
31927
31928
31932
31936
31938
31944
31945
31948
31949
31950
31955
31957
31960
31962
31964
31966
31968
31969
31970
31976
31977
31983
31985
31986
31994
31995
31998
32000
32002
32003
32008
32009
32014
32015
32017
32021
32022
32024
32025
32027
32029
32038
32039
32041
32042
32043
32044
32045
32047
32051
32053
32054
32055
32065
32070
32071
32073
32076
32079
32080
32081
32082
32084
32087
32089
32090
32092
32093
32094
32096
32100
32101
32107
32110
32111
32113
32114
32115
32119
32122
32124
32126
32127
32129
32133
32136
32137
32145
32149
32150
32151
32152
32161
32162
32163
32165
32167
32169
32172
32173
32174
32175
32178
32179
32180
32182
32183
32192
32193
32195
32200
32202
32206
32212
32215
32216
32218
32222
32224
32225
32229
32233
32235
32238
32240
32246
32249
32257
32258
32259
32261
32263
32264
32272
32274
32276
32277
32278
32285
32291
32297
32298
32302
32303
32305
32307
32308
32315
32317
32318
32319
32320
32322
32325
32327
32330
32333
32338
32339
32340
32343
32344
32350
32352
32355
32357
32358
32359
32368
32369
32370
32372
32375
32379
32380
32383
32384
32385
32391
32394
32395
32396
32397
32402
32403
32406
32410
32412
32415
32418
32422
32425
32426
32436
32439
32440
32443
32449
32451
32456
32463
32467
32471
32477
32479
32484
32489
32491
32493
32494
32497
32501
32502
32504
32506
32512
32515
32520
32522
32526
32527
32529
32530
32532
32533
32535
32536
32537
32538
32539
32546
32547
32548
32553
32554
32557
32558
32560
32561
32563
32564
32566
32568
32569
32576
32577
32578
32581
32584
32585
32587
32591
32593
32594
32597
32599
32600
32608
32617
32618
32619
32620
32621
32623
32625
32629
32632
32635
32636
32639
32641
32642
32644
32647
32649
32650
32651
32652
32654
32655
32657
32663
32664
32672
32673
32678
32683
32684
32685
32688
32689
32690
32691
32692
32693
32694
32703
32705
32714
32721
32724
32725
32726
32729
32731
32732
32740
32741
32745
32746
32748
32752
32754
32756
32758
32759
32761
32763
32765
478
0
1
2
3
4
5
6
7
8
9
10
11
12
13
14
15
16
17
18
19
20
21
22
23
24
25
26
27
28
29
30
31
32
33
34
35
36
37
38
39
40
41
42
43
44
45
46
47
48
49
50
51
52
53
54
55
56
57
58
59
60
61
62
63
64
65
66
67
68
69
70
71
72
73
74
75
76
77
78
79
80
81
82
83
84
85
86
87
88
89
90
91
92
93
94
95
96
97
98
99
100
101
102
103
104
105
106
107
108
109
110
111
112
113
114
115
116
117
118
119
120
121
122
123
124
125
126
127
128
129
130
131
132
133
134
135
136
137
138
139
140
141
142
143
144
145
146
147
148
149
150
151
152
153
154
155
156
157
158
159
160
161
162
163
164
165
166
167
168
169
170
171
172
173
174
175
176
177
178
179
180
181
182
183
184
185
186
187
188
189
190
191
192
193
194
195
196
197
198
199
200
201
202
203
204
205
206
207
208
209
210
211
212
213
214
215
216
217
218
219
220
221
222
223
224
225
226
227
228
229
230
231
232
233
234
235
236
237
238
239
240
241
242
243
244
245
246
247
248
249
250
251
252
253
254
255
256
257
258
259
260
261
262
263
264
265
266
267
268
269
270
271
272
273
274
275
276
277
278
279
280
281
282
283
284
285
286
287
288
289
290
291
292
293
294
295
296
297
298
299
301
302
303
304
305
306
307
309
310
311
312
313
314
315
316
317
318
319
320
321
322
323
324
325
326
327
328
329
330
331
332
333
334
336
337
338
339
340
341
342
343
344
345
346
347
348
349
350
351
352
353
354
355
356
357
358
359
360
361
362
363
365
366
367
368
369
370
371
372
373
374
375
376
377
378
379
380
381
382
383
384
385
386
387
388
389
390
391
392
393
394
395
396
397
398
399
400
401
402
403
404
405
406
407
408
409
410
411
412
413
414
415
416
417
418
419
420
421
422
423
424
425
426
427
428
429
430
431
432
433
434
435
436
438
439
440
441
442
443
444
445
446
447
448
449
450
451
452
453
454
455
456
457
458
459
460
461
462
463
464
465
466
467
468
469
470
471
472
473
474
475
476
477
478
479
480
481
482
