587
0
1
2
3
5
6
7
8
9
10
11
12
16
17
20
21
24
25
26
28
29
30
31
33
36
37
41
44
45
46
50
52
54
56
57
58
65
66
67
69
70
71
73
79
83
84
85
88
90
91
97
98
99
101
103
104
105
108
109
110
111
112
113
114
115
116
117
118
120
124
126
129
130
133
134
135
136
138
140
143
144
145
147
148
149
153
155
157
159
160
162
164
165
168
170
171
172
176
177
178
180
182
183
184
185
187
188
189
190
192
193
194
196
198
199
200
201
202
203
204
206
208
209
210
211
212
213
215
216
217
219
221
222
223
224
226
227
228
229
231
232
234
236
237
238
242
244
246
248
251
255
256
258
259
260
261
262
264
265
266
267
268
269
270
272
279
283
284
285
287
288
289
291
292
296
299
300
301
303
305
308
309
311
313
315
316
321
322
323
326
327
330
334
335
338
339
341
342
344
345
346
347
348
349
352
354
355
356
358
359
360
363
364
366
368
369
370
373
378
380
383
384
385
387
388
389
391
393
394
397
398
399
400
402
403
404
405
406
407
410
411
412
413
414
415
416
417
418
419
420
422
424
425
430
431
434
435
438
439
440
442
443
444
448
451
452
453
455
460
462
463
464
465
466
469
470
473
474
480
481
483
484
487
488
490
491
493
495
499
500
501
504
507
509
514
515
517
518
519
520
521
522
524
527
528
531
535
536
538
539
540
543
547
549
553
557
558
559
560
561
562
563
568
569
570
571
572
573
576
577
578
579
580
582
584
586
588
589
594
597
598
599
600
601
602
603
604
605
606
607
609
610
611
613
614
615
616
617
618
620
622
625
627
628
629
630
635
636
638
639
640
641
642
643
644
648
650
651
652
653
655
656
657
658
659
661
663
664
665
666
667
668
669
670
671
672
674
675
678
679
680
685
687
688
690
696
697
698
699
700
701
703
709
711
716
717
720
721
723
725
726
729
730
731
732
733
735
737
738
739
741
742
743
744
747
748
749
750
752
753
754
755
757
759
760
762
763
764
765
767
768
769
771
772
774
775
781
783
784
785
792
794
798
799
802
804
807
808
809
810
811
812
813
817
818
820
824
825
826
828
830
833
835
837
841
842
845
846
847
848
849
850
852
854
860
861
862
863
865
866
867
869
872
874
877
879
882
883
885
886
890
893
895
896
897
899
904
906
907
908
909
911
912
914
915
918
920
921
923
924
925
927
928
929
931
934
935
936
937
939
941
943
945
946
947
949
952
954
955
956
957
961
962
965
969
970
972
973
974
975
976
978
979
987
988
992
993
994
995
996
997
998
1000
1001
1003
1005
1007
1008
1009
1010
1013
1014
1017
1019
1020
1022
1023
187
256
0
258
2
259
4
5
262
6
263
8
9
265
10
12
268
13
14
271
16
17
274
18
20
21
277
278
22
23
280
24
25
26
27
283
285
30
287
31
32
289
34
35
292
293
294
295
39
296
40
297
42
298
43
44
45
301
46
47
48
49
305
50
306
51
308
53
54
310
55
312
58
314
316
62
318
63
321
65
322
67
323
68
69
326
71
72
73
75
76
334
79
80
338
82
83
84
85
86
90
348
92
93
94
350
351
95
352
98
99
100
356
101
103
104
361
105
363
365
110
366
113
114
115
372
373
117
119
124
126
135
136
138
139
140
142
146
148
149
155
156
157
158
160
161
162
164
169
170
171
173
174
177
178
182
184
186
187
188
190
191
192
193
197
199
200
202
204
209
210
212
214
216
218
219
222
223
224
225
236
238
239
242
245
251
253
254
