573
0
1026
2
3
1027
8
9
1036
12
1037
1038
1040
17
18
1043
1044
20
22
1047
1049
1052
1053
33
34
1060
39
44
1070
48
1074
50
1075
52
1076
1077
1078
1079
56
1081
1088
65
1089
1090
70
1095
1098
74
75
1101
1102
79
1103
82
1108
1112
88
91
93
94
95
1119
1120
1122
101
102
105
1130
1131
107
1135
111
1142
121
1146
123
125
1149
126
127
1152
132
133
1159
1162
140
1165
143
1168
1170
146
147
149
1174
150
151
1176
152
153
154
1179
155
1181
157
158
1183
1184
1185
162
1187
163
1188
1189
167
1191
169
1195
172
1197
1199
1203
1204
180
1206
184
185
1210
1211
188
189
1213
190
1218
1219
1221
200
1224
1225
1226
205
1229
1230
207
1233
1234
1238
1239
215
216
1240
218
220
1245
221
1246
224
1248
225
1251
227
1252
229
1255
232
233
1257
234
235
236
1260
1261
238
1264
241
1267
243
244
1273
250
1275
251
1276
1277
257
1281
258
260
1284
261
262
265
266
269
270
271
272
1296
1297
1298
274
1299
275
276
277
1303
1306
283
284
1309
1310
287
289
1315
291
1316
292
293
294
1319
295
296
299
1323
1325
1326
302
1327
305
307
1332
1334
1339
1340
1342
319
1344
321
1347
1348
324
1349
331
332
1359
1360
1361
337
1362
1364
341
342
1367
344
345
1370
346
347
1371
1378
354
355
1379
356
1380
1381
1384
1385
362
1386
1388
365
366
371
372
374
376
1401
1404
1406
383
385
1410
387
1413
1416
394
398
1422
1423
1424
1425
401
1426
402
1427
404
1428
1430
1431
407
1434
1438
1441
1443
1445
422
1449
1451
428
1453
430
432
1457
434
1458
1460
437
1461
1463
439
442
443
1469
447
1471
449
450
1474
1475
451
1476
1478
454
455
1480
457
458
460
463
1487
1488
1489
1490
467
1491
468
470
1497
475
1501
1502
1504
1507
486
1511
487
1512
1514
1521
499
1523
1525
501
1526
504
1528
506
1530
1531
508
510
1534
1535
512
1538
516
517
518
519
1545
1546
1548
526
527
1552
528
529
530
1555
1562
1564
1565
541
1566
542
1567
546
1571
550
554
1578
556
557
1582
560
562
1586
1589
566
1590
568
573
1597
1599
575
1600
582
588
593
594
598
599
600
604
608
609
612
613
618
621
627
631
632
634
635
637
638
642
647
652
656
657
659
660
665
666
668
669
670
674
675
676
680
681
682
686
689
690
691
696
700
702
703
705
707
708
715
722
723
725
730
738
745
753
754
755
757
758
764
765
779
782
783
785
787
791
796
797
802
808
810
813
818
819
824
828
831
832
834
835
842
847
848
851
852
857
858
860
861
862
864
866
869
873
875
876
879
881
886
888
891
893
894
899
901
902
904
905
906
907
908
909
910
913
917
922
923
924
925
934
936
937
938
939
943
952
960
961
962
963
966
970
972
975
976
978
981
982
983
984
985
988
989
991
996
997
1001
1002
1004
1009
1011
1016
1020
1023
136
0
1
257
2
258
3
259
4
7
8
9
266
267
12
268
13
272
19
21
22
280
25
281
282
26
283
27
28
285
30
33
34
36
38
40
297
42
300
44
301
46
47
48
50
308
52
53
54
55
56
315
63
64
322
66
69
326
70
71
72
73
333
77
78
83
84
340
85
342
343
88
91
97
99
100
101
103
360
105
107
364
365
113
114
115
371
116
374
123
125
126
127
131
132
134
137
138
143
145
146
148
152
153
156
157
158
162
163
164
169
173
178
182
184
185
186
187
192
197
198
206
210
211
212
218
219
228
231
234
240
241
246
250
252
254
255
