867
0
2049
2051
2054
2055
2057
2059
12
2060
13
15
2064
19
2068
2070
22
24
2074
2075
29
2079
32
34
35
2083
36
2084
2085
2086
38
2087
40
2090
43
2091
45
46
2094
2095
47
2096
48
49
51
2099
2100
53
54
2103
60
61
2110
63
2112
64
2115
2116
2120
73
2121
74
2123
2125
78
2128
81
83
2131
85
86
87
2136
2137
89
2138
2141
95
2144
97
100
2148
2149
101
2150
2151
103
2153
107
2157
110
112
2161
113
115
2164
2165
117
2167
2170
125
2175
2178
131
2182
135
2183
2185
2187
2189
141
2191
144
2192
2194
2196
2197
149
152
155
2204
156
2205
157
158
160
2208
161
2209
165
166
2215
2218
172
2220
2222
177
2227
179
2228
2229
181
186
2234
187
188
2236
189
190
2239
2240
2243
2245
2246
198
2249
201
2252
205
206
2255
213
218
224
225
228
231
232
237
238
245
246
247
248
250
251
253
254
257
259
260
261
262
267
268
269
271
273
274
275
279
282
283
286
296
297
298
302
303
307
308
312
315
316
317
321
326
328
330
332
334
336
340
341
342
343
345
350
351
352
355
356
357
358
359
363
364
365
366
367
371
377
380
381
382
383
384
386
392
393
398
400
402
407
411
412
414
419
423
425
427
430
431
432
435
437
438
441
444
446
447
449
455
459
460
465
466
468
471
472
475
479
480
488
489
492
494
495
496
499
502
503
512
516
517
520
522
524
527
528
531
533
534
535
539
543
545
546
547
549
550
551
553
554
555
556
557
565
567
570
571
572
575
577
578
580
586
587
592
596
597
598
602
604
606
607
608
609
612
613
619
620
621
629
630
631
632
633
634
638
644
645
650
651
659
660
670
671
673
674
675
676
678
680
681
682
684
686
688
691
697
700
707
708
709
710
713
714
717
718
721
722
725
726
727
729
731
732
735
736
739
740
743
744
748
749
750
752
756
759
760
762
764
767
774
775
778
779
787
789
793
794
798
801
804
806
807
813
814
816
817
818
825
829
833
836
840
841
842
848
853
855
857
860
861
864
867
870
871
874
876
877
890
893
894
896
899
901
903
905
908
909
912
915
917
920
925
926
929
930
931
932
941
945
946
948
950
952
955
957
958
960
962
963
970
976
979
984
985
987
989
990
992
1003
1006
1013
1016
1017
1018
1019
1020
1023
1024
1025
1026
1029
1035
1037
1039
1042
1046
1048
1049
1050
1052
1054
1060
1062
1067
1069
1073
1075
1076
1077
1080
1081
1083
1090
1091
1098
1100
1101
1102
1111
1113
1119
1120
1123
1124
1125
1126
1127
1131
1133
1137
1140
1144
1145
1148
1156
1158
1160
1162
1172
1178
1179
1181
1182
1183
1189
1191
1192
1193
1195
1199
1201
1205
1210
1213
1215
1217
1218
1219
1220
1225
1229
1231
1237
1251
1252
1257
1259
1261
1263
1267
1269
1271
1272
1273
1274
1275
1278
1279
1287
1290
1292
1295
1296
1297
1298
1301
1304
1306
1309
1311
1314
1315
1316
1317
1318
1322
1331
1339
1340
1344
1345
1346
1351
1352
1355
1356
1357
1360
1361
1363
1366
1367
1371
1376
1377
1378
1380
1381
1382
1384
1386
1387
1390
1392
1395
1400
1402
1403
1404
1410
1411
1412
1416
1420
1421
1424
1425
1427
1431
1434
1437
1439
1440
1444
1445
1449
1454
1456
1457
1458
1459
1462
1464
1465
1468
1469
1470
1471
1476
1477
1479
1484
1487
1491
1494
1496
1502
1503
1505
1512
1514
1517
1519
1520
1523
1526
1527
1534
1538
1542
1545
1547
1548
1549
1551
1552
1556
1561
1566
1567
1573
1577
1583
1584
1587
1589
1593
1595
1598
1600
1605
1606
1608
1609
1610
1612
1613
1616
1620
1621
1622
1626
1627
1631
1632
1642
1643
1646
1647
1648
1650
1651
1653
1666
1672
1674
1681
1682
1684
1685
1693
1699
1700
1701
1703
1708
1713
1716
1720
1721
1724
1726
1727
1729
1733
1737
1738
1739
1742
1746
1749
1751
1757
1759
1760
1762
1765
1768
1771
1775
1777
1778
1781
1789
1791
1792
1802
1803
1804
1805
1808
1809
1813
1814
1819
1820
1822
1823
1830
1831
1833
1838
1839
1844
1847
1851
1855
1860
1862
1863
1865
1867
1868
1871
1873
1874
1876
1877
1880
1886
1887
1888
1890
1893
1898
1901
1904
1905
1908
1910
1912
1917
1918
1921
1923
1924
1931
1932
1933
1934
1936
1937
1946
1947
1951
1952
1953
1957
1958
1960
1961
1964
1966
1974
1975
1976
1977
1980
1981
1983
1987
1989
1993
1994
1995
2001
2003
2004
2005
2006
2007
2009
2010
2015
2016
2017
2018
2019
2022
2023
2025
2028
2029
2032
2033
2034
2035
2037
2038
2039
2042
2043
2047
14
68
37
5
103
9
11
44
49
17
83
26
27
124
126
