686
0
1024
1
2
3
4
1028
5
6
1030
7
8
1033
9
10
1034
1035
11
12
13
14
1038
15
1040
16
17
18
19
20
1044
21
22
1046
23
24
1048
25
1049
26
1051
27
28
1052
29
1053
1054
30
31
32
1057
33
34
35
36
37
1061
38
1062
39
40
41
1065
42
1066
43
1067
1068
44
45
1069
1070
46
47
1071
1072
48
49
1074
50
1075
51
1076
52
53
1078
54
56
1081
57
1082
59
1084
61
1085
1086
62
63
1088
64
1089
65
67
1091
1092
69
71
1096
72
1097
1098
1100
79
81
1106
84
85
86
87
88
89
92
94
95
97
98
100
103
104
105
106
107
108
111
114
115
116
117
119
120
121
122
123
125
126
127
128
129
130
133
135
136
137
138
140
141
144
145
146
147
150
152
154
155
159
161
162
164
167
170
171
172
173
174
175
177
179
184
185
187
189
190
191
192
193
194
195
198
199
200
202
208
213
214
215
216
218
219
221
224
226
227
228
230
232
233
235
236
238
240
241
243
245
248
249
252
253
255
257
258
259
260
262
263
266
268
271
272
274
275
276
277
282
283
287
290
295
297
298
300
302
304
305
306
307
309
311
312
313
315
316
318
319
321
324
325
326
329
330
331
333
334
335
336
337
338
341
342
346
347
348
349
350
351
352
356
358
361
363
365
366
367
368
369
370
372
374
375
376
377
379
384
385
386
387
388
389
390
392
393
394
395
397
398
400
402
403
409
410
414
416
417
419
420
424
425
426
427
428
430
433
434
435
437
439
441
444
445
446
448
449
450
451
452
453
454
455
456
457
458
459
460
461
462
464
469
470
472
473
474
475
476
479
480
481
482
483
484
486
490
491
492
494
497
499
500
502
507
508
510
511
512
516
517
518
519
521
523
524
525
527
528
529
531
532
533
534
535
538
539
540
541
542
543
544
545
549
551
552
553
556
558
559
561
562
563
564
566
567
568
569
570
571
572
573
574
575
577
579
580
581
582
583
584
585
588
589
590
591
593
594
595
596
598
599
600
601
602
604
607
608
611
612
614
615
617
618
619
620
622
623
624
625
627
628
629
630
631
632
635
638
640
642
644
646
648
649
651
652
654
655
658
661
662
663
664
668
669
674
677
678
680
681
683
684
686
687
689
691
693
695
696
697
699
700
701
702
703
705
706
707
708
711
713
714
715
720
721
723
725
727
729
732
733
735
736
737
740
741
742
744
745
747
748
749
750
752
753
756
757
759
760
761
763
764
765
766
767
769
771
776
778
779
786
787
788
789
791
793
794
795
797
798
799
800
804
807
808
809
810
811
814
815
816
819
821
822
823
824
825
826
829
830
831
832
833
837
838
841
843
846
847
849
853
855
858
859
860
861
863
867
868
870
871
872
875
876
878
880
882
883
886
887
889
890
891
892
893
894
897
898
899
901
902
903
904
909
910
911
912
913
914
915
917
920
921
923
924
925
926
928
929
930
931
933
934
936
937
939
941
942
944
945
947
948
950
952
954
958
959
960
962
963
964
965
966
967
968
972
973
975
977
978
980
982
983
984
985
989
990
991
994
995
996
998
1000
1004
1005
1007
1008
1010
1011
1013
1015
1019
1021
1023
23
1
2
35
5
6
72
9
42
14
15
47
80
20
53
85
22
54
23
87
56
26
27
29
