174
257
2
258
259
260
8
10
267
268
14
270
18
274
19
21
22
279
281
28
285
286
287
32
288
35
291
36
292
294
40
296
42
298
299
48
49
50
306
52
308
53
309
310
311
56
312
313
314
60
61
318
319
64
65
68
324
325
70
326
328
330
77
78
335
80
81
82
338
83
339
340
85
341
86
344
345
90
92
350
352
353
98
99
100
101
357
359
360
105
106
366
111
112
368
115
372
117
119
375
377
123
379
126
127
383
386
387
388
133
134
390
135
138
394
139
140
141
398
399
402
147
148
405
150
406
407
153
409
154
410
155
411
412
157
413
158
414
415
160
416
161
164
166
168
170
177
179
182
183
185
189
191
198
201
205
206
207
209
211
214
215
217
218
220
221
222
226
227
228
229
234
241
245
248
38
0
1
2
3
5
6
7
71
8
73
11
13
14
16
18
82
19
20
21
22
24
25
26
28
32
34
35
38
39
43
44
48
49
53
55
57
62
63
