797
2049
2050
2051
5
6
2054
2056
9
2060
2062
14
16
17
2071
30
31
2079
32
2082
40
43
2094
46
2095
52
53
2104
57
2108
68
2117
71
2120
2124
2125
77
79
2128
2130
83
84
2137
2139
93
2142
98
2148
102
103
104
2155
108
109
115
2164
2165
119
122
2173
125
2176
128
133
135
2183
138
2187
140
143
144
146
147
2195
2196
2197
2200
155
156
2205
159
162
163
165
2214
2215
2216
169
2218
171
174
175
2223
2226
2227
2229
181
2231
2232
186
2237
190
191
193
194
2245
197
201
203
204
2254
207
212
2264
218
2267
2269
222
223
225
2275
2276
228
229
230
2281
234
2282
2286
238
240
2288
2290
244
245
2295
2296
251
2300
252
255
256
2307
260
263
2312
2313
265
2316
268
2317
270
2319
273
2321
275
2323
2326
279
2327
280
2328
2331
2332
2333
2335
2337
290
2339
291
292
2340
2343
295
2346
299
2349
2354
2361
315
2363
2365
2366
2369
2372
326
330
332
2381
334
335
336
337
341
2392
2394
2395
349
350
352
354
2403
2404
359
2411
363
364
2412
367
2416
2418
371
2423
2424
378
2427
2430
384
385
2436
392
2444
397
398
2447
2448
406
2454
2455
2460
412
2461
2465
2466
2469
422
2470
2471
423
2473
2474
2475
428
429
2478
2480
432
2482
2488
440
2489
441
446
2494
2495
447
452
2502
455
457
2506
2507
460
2511
463
2512
465
2514
2515
468
2518
470
2520
473
2521
2523
2524
477
478
2526
2528
2529
482
2531
483
2532
484
2533
2534
487
489
490
2541
493
494
495
2543
2544
497
2546
499
2548
500
2550
508
2556
509
2559
2561
514
2563
515
2565
517
519
2567
521
2569
531
532
2582
535
536
2586
539
2589
542
2595
551
2599
552
554
2604
556
557
559
563
564
2614
572
2624
577
579
583
590
594
596
597
602
603
612
613
617
618
625
629
631
638
641
644
646
647
652
653
655
656
660
661
666
670
672
673
674
675
680
683
687
690
694
698
707
708
710
711
712
713
714
715
720
725
736
738
739
740
741
743
744
745
749
753
756
759
761
766
768
772
774
777
783
786
794
796
799
804
807
810
812
813
817
823
824
826
843
851
853
855
858
861
864
867
869
872
873
876
880
884
888
892
893
895
896
899
904
907
910
920
921
923
925
927
928
932
934
936
938
940
953
955
956
961
962
965
967
968
971
984
988
989
993
996
998
1001
1002
1007
1012
1018
1019
1021
1035
1036
1037
1047
1048
1049
1053
1056
1061
1062
1063
1068
1072
1074
1085
1087
1088
1089
1092
1096
1097
1099
1100
1101
1102
1103
1107
1110
1112
1113
1117
1121
1127
1130
1134
1135
1137
1139
1141
1146
1147
1149
1150
1159
1162
1172
1174
1176
1177
1178
1181
1186
1189
1190
1194
1195
1206
1208
1215
1220
1221
1228
1230
1239
1244
1245
1247
1249
1253
1262
1263
1265
1266
1271
1278
1280
1288
1289
1290
1291
1294
1306
1307
1308
1309
1314
1319
1322
1328
1331
1335
1340
1342
1343
1344
1346
1357
1360
1374
1381
1383
1385
1398
1399
1400
1402
1407
1408
1410
1411
1412
1414
1417
1419
1423
1424
1426
1434
1435
1441
1445
1448
1449
1453
1456
1458
1460
1461
1463
1464
1465
1466
1470
1471
1474
1475
1476
1477
1482
1484
1485
1492
1493
1500
1502
1503
1505
1511
1513
1516
1519
1520
1521
1529
1530
1535
1537
1541
1543
1545
1549
1550
1552
1555
1562
1563
1564
1565
1570
1574
1578
1581
1584
1592
1594
1596
1601
1602
1604
1608
1613
1617
1618
1622
1627
1628
1630
1633
1638
1642
1650
1654
1656
1659
1660
1661
1663
1677
1681
1684
1686
1688
1691
1694
1695
1696
1697
1698
1703
1704
1706
1709
1712
1714
1717
1718
1722
1723
1728
1730
1731
1733
1739
1740
1741
1742
1743
1745
1754
1760
1765
1766
1777
1779
1784
1786
1788
1789
1790
1791
1793
1795
1796
1803
1806
1808
1810
1811
1814
1816
1821
1828
1832
1837
1843
1844
1846
1847
1854
1855
1856
1860
1862
1863
1868
1871
1872
1873
1876
1877
1885
1887
1890
1891
1892
1897
1899
1901
1908
1910
1916
1918
1921
1924
1927
1939
1942
1952
1958
1959
1961
1963
1964
1965
1968
1970
1972
1974
1976
1982
1987
1992
1994
1997
1999
2001
2002
2007
2008
2012
2020
2022
2028
2031
2034
2035
2037
2039
2041
2046
36
4
134
7
71
72
73
9
16
81
82
146
19
147
84
20
21
85
23
28
157
94
32
96
99
106
43
109
46
110
47
51
117
56
57
123
60
