360
1536
1024
2
514
1539
2051
7
519
8
1036
12
13
1040
1554
18
19
531
1044
21
1557
535
24
1050
2077
29
1565
33
2082
1060
37
551
1064
552
40
1066
2092
558
1072
1589
54
1078
1592
2104
1080
1081
58
1083
1084
60
1597
1086
63
2111
67
1605
583
1611
2123
76
2124
588
589
77
78
590
79
592
1105
2131
1107
2133
1109
1110
598
1113
1115
2139
1628
606
1119
95
97
2147
1636
100
102
1127
1639
2153
1130
2154
1131
108
1132
110
2160
113
2164
630
1655
2167
632
1657
1658
125
637
1662
1663
1151
127
1154
642
643
1668
1156
2183
135
648
1672
138
652
1679
1168
657
1681
1169
1171
148
660
661
663
1175
152
1698
1699
1700
165
679
1703
681
682
1708
1710
1202
178
1203
1205
1719
1720
185
1725
1215
703
1728
1731
1219
195
1221
710
1223
713
1738
203
205
206
1743
1233
1234
1239
1756
1757
1245
1760
224
225
227
1251
740
229
745
747
1773
1776
753
756
1270
247
1273
251
1788
252
1793
1794
772
1285
1797
1800
776
777
1803
268
782
272
787
1812
277
1815
1304
793
282
1308
1309
797
1823
1313
801
1826
804
805
1831
297
813
814
1326
1327
1839
1328
817
306
818
308
1845
311
312
1849
1850
1855
1343
320
321
1345
834
329
841
1866
1868
845
1869
847
850
342
344
353
1379
1891
1892
356
869
1381
358
1894
1896
1900
877
1390
880
881
1394
371
883
1396
375
1911
377
1403
380
1917
382
895
1920
1922
899
388
389
1414
902
392
1933
1934
1423
1425
401
1427
1942
1431
1432
1438
414
1439
1440
1952
416
1441
421
424
937
426
428
1965
430
1454
432
944
946
1461
1973
949
950
1463
1466
1979
1467
1980
958
448
451
963
1476
1990
456
460
973
462
2001
977
2002
2004
469
1495
474
475
2012
1500
989
2016
1507
1508
485
488
1000
1513
1521
498
2037
502
1017
507
1020
1534
1022
22
0
32
1
99
4
7
72
138
42
47
81
114
19
20
84
119
27
59
60
125
93
95
