6631
1
2
6
7
8
9
10
11
12
15
16
18
21
22
24
25
27
28
30
31
33
34
35
36
38
42
44
45
47
48
49
51
52
53
56
58
60
61
62
63
64
66
68
69
71
72
75
77
79
80
82
83
88
89
93
94
95
96
99
102
106
108
109
110
112
114
115
116
117
120
123
125
126
127
128
129
131
135
136
140
141
143
149
151
154
155
157
162
163
165
166
169
172
174
177
179
184
185
189
190
192
194
195
196
197
198
199
200
201
202
205
206
208
209
210
212
217
220
225
226
228
229
232
233
234
236
240
241
248
249
251
252
253
257
258
259
260
261
263
265
266
267
268
269
270
271
272
274
275
276
281
282
284
285
287
288
290
294
295
296
298
300
305
306
308
309
310
317
318
319
321
322
324
325
326
329
330
331
333
334
335
336
337
339
341
342
345
346
347
348
350
351
352
353
354
358
360
362
364
366
368
372
373
378
379
381
382
383
384
385
387
388
390
392
394
395
397
398
400
404
405
407
408
415
417
418
419
421
422
423
424
426
427
428
429
430
431
432
434
436
439
440
441
445
446
448
449
450
452
455
456
462
463
464
466
467
471
472
473
474
475
476
477
479
480
481
484
485
487
488
489
491
492
494
495
497
501
504
505
506
509
510
512
514
517
518
519
520
522
524
527
533
534
535
537
538
539
541
542
547
549
552
555
556
558
561
562
563
565
566
571
573
576
578
579
580
581
583
584
586
588
590
592
595
596
597
598
599
606
608
609
610
611
614
616
618
621
624
630
631
633
635
637
638
641
645
646
649
650
651
655
656
657
661
663
664
665
670
671
672
673
674
675
676
678
679
680
682
684
686
687
688
689
691
692
694
695
697
698
703
706
707
708
710
712
713
717
718
720
722
724
732
733
734
736
737
738
741
744
747
749
750
751
752
754
755
757
761
762
763
765
766
768
770
771
772
774
776
778
780
781
782
784
786
787
788
789
790
791
792
793
796
797
800
803
804
806
810
811
813
816
817
818
820
821
823
824
825
828
829
830
831
832
835
836
838
840
841
842
844
845
846
847
851
852
854
855
856
857
858
859
860
861
865
866
867
871
872
873
876
878
879
883
884
887
889
890
893
895
897
899
900
903
904
905
906
907
908
909
911
912
915
920
921
923
924
926
928
930
931
934
935
938
941
944
949
951
952
953
954
955
956
961
962
963
964
965
968
970
971
972
973
974
975
976
977
978
979
980
981
983
984
985
990
991
995
997
1002
1003
1005
1007
1014
1018
1019
1020
1021
1023
1024
1026
1027
1028
1032
1033
1034
1035
1036
1037
1039
1043
1044
1045
1049
1050
1054
1055
1061
1062
1063
1064
1065
1066
1069
1071
1072
1073
1074
1077
1078
1080
1081
1082
1085
1088
1091
1092
1095
1096
1097
1098
1099
1100
1101
1103
1104
1105
1106
1109
1110
1113
1114
1115
1117
1118
1119
1120
1121
1123
1128
1129
1136
1137
1138
1139
1140
1144
1147
1148
1150
1154
1155
1156
1157
1158
1159
1160
1163
1164
1165
1166
1167
1169
1170
1172
1173
1174
1175
1176
1179
1180
1182
1185
1186
1189
1191
1193
1197
1198
1199
1200
1201
1202
1204
1205
1207
1211
1212
1215
1216
1218
1219
1221
1222
1226
1229
1231
1233
1236
1237
1238
1239
1243
1244
1246
1248
1249
1252
1253
1256
1257
1258
1268
1270
1271
1274
1275
1277
1282
1283
1284
1285
1286
1287
1290
1291
1292
1294
1299
1300
1301
1302
1303
1304
1305
1306
1307
1310
1311
1313
1316
1321
1324
1325
1326
1327
1328
1330
1334
1335
1336
1338
1339
1341
1344
1345
1346
1348
1349
1351
1352
1353
1354
1356
1357
1359
1360
1363
1366
1369
1370
1371
1372
1373
1375
1376
1377
1379
1380
1381
1384
1385
1386
1387
1388
1390
1394
1396
1397
1399
1401
1402
1403
1405
1407
1408
1409
1410
1411
1412
1414
1415
1418
1421
1423
1424
1425
1426
1428
1432
1433
1437
1440
1441
1443
1445
1446
1447
1448
1449
1450
1452
1457
1458
1460
1462
1466
1467
1468
1470
1472
1473
1474
1475
1476
1477
1478
1480
1482
1484
1485
1487
1488
1491
1494
1495
1497
1498
1499
1502
1503
1508
1509
1510
1512
1517
1520
1524
1525
1529
1531
1534
1536
1537
1538
1539
1541
1542
1543
1549
1550
1551
1553
1554
1555
1557
1559
1561
1562
1564
1565
1571
1572
1573
1575
1579
1581
1582
1584
1591
1592
1593
1594
1595
1596
1597
1601
1604
1605
1607
1608
1609
1612
1614
1615
1616
1617
1618
1620
1623
1626
1628
1629
1633
1638
1641
1643
1646
1648
1649
1650
1651
1652
1654
1658
1659
1661
1665
1666
1667
1668
1669
1672
1675
1678
1681
1682
1685
1686
1687
1688
1689
1690
1694
1696
1698
1700
1701
1702
1703
1706
1707
1710
1711
1712
1715
1716
1720
1721
1722
1724
1725
1726
1727
1730
1732
1733
1734
1735
1737
1741
1747
1748
1749
1750
1752
1754
1756
1759
1760
1762
1763
1764
1765
1769
1770
1771
1772
1774
1775
1776
1779
1789
1791
1795
1796
1797
1798
1803
1804
1806
1807
1808
1809
1810
1811
1815
1817
1819
1820
1821
1824
1825
1826
1831
1832
1836
1839
1841
1843
1844
1845
1846
1849
1850
1852
1854
1856
1857
1862
1864
1867
1868
1870
1871
1874
1875
1877
1884
1886
1887
1888
1889
1891
1893
1894
1896
1897
1900
1901
1902
1904
1906
1908
1913
1915
1916
1918
1923
1924
1925
1926
1927
1928
1929
1930
1931
1932
1933
1934
1935
1940
1942
1944
1946
1947
1948
1950
1953
1954
1957
1958
1961
1963
1964
1965
1966
1970
1974
1976
1978
1979
1980
1981
1982
1984
1988
1990
1991
1992
1993
1994
1996
1997
1998
2003
2007
2008
2010
2012
2015
2016
2017
2018
2019
2021
2022
2025
2027
2029
2030
2031
2033
2035
2036
2037
2038
2042
2043
2045
2046
2047
2048
2049
2051
2052
2054
2056
2057
2059
2060
2061
2063
2064
2069
2070
2072
2084
2085
2089
2090
2092
2094
2095
2099
2100
2101
2102
2103
2106
2109
2111
2113
2117
2121
2126
2127
2130
2131
2133
2136
2137
2138
2141
2142
2143
2146
2147
2148
2158
2160
2162
2163
2164
2166
2169
2170
2171
2172
2173
2176
2177
2181
2183
2185
2187
2191
2192
2194
2195
2196
2197
2199
2203
2205
2206
2210
2211
2212
2213
2215
2217
2218
2219
2220
2222
2224
2225
2227
2232
2233
2241
2242
2243
2244
2247
2250
2251
2252
2255
2257
2259
2261
2262
2263
2264
2265
2267
2269
2272
2273
2274
2275
2276
2279
2282
2283
2285
2288
2289
2292
2293
2295
2296
2299
2300
2301
2302
2303
2304
2307
2308
2311
2313
2314
2315
2316
2317
2319
2320
2321
2322
2323
2324
2328
2329
2330
2331
2333
2334
2335
2336
2337
2339
2341
2342
2343
2344
2345
2346
2347
2349
2350
2351
2353
2356
2357
2359
2362
2363
2365
2366
2367
2369
2371
2375
2377
2379
2381
2382
2385
2387
2388
2390
2392
2399
2400
2401
2402
2403
2404
2405
2407
2408
2409
2410
2411
2412
2413
2415
2417
2418
2420
2421
2424
2425
2426
2428
2429
2430
2432
2436
2438
2439
2440
2441
2442
2444
2446
2447
2450
2451
2452
2453
2455
2459
2460
2461
2463
2465
2466
2468
2469
2475
2479
2481
2482
2483
2484
2488
2492
2494
2495
2496
2500
2501
2504
2509
2512
2513
2515
2516
2518
2522
2523
2524
2525
2527
2528
2530
2531
2532
2534
2535
2538
2539
2540
2542
2543
2544
2545
2546
2551
2552
2556
2558
2559
2560
2562
2563
2565
2567
2569
2573
2574
2576
2577
2578
2579
2582
2586
2591
2598
2599
2601
2603
2605
2606
2607
2608
2609
2613
2616
2617
2618
2619
2622
2627
2628
2631
2636
2637
2639
2641
2642
2643
2648
2649
2654
2656
2657
2660
2661
2664
2665
2666
2668
2671
2672
2673
2674
2675
2676
2677
2678
2685
2686
2690
2696
2697
2699
2702
2703
2704
2706
2707
2708
2711
2712
2715
2717
2718
2721
2722
2723
2725
2727
2728
2729
2732
2733
2737
2738
2739
2740
2741
2743
2744
2746
2748
2755
2756
2757
2758
2759
2760
2762
2768
2769
2770
2771
2772
2773
2774
2776
2778
2780
2784
2786
2787
2789
2791
2792
2794
2798
2799
2802
2803
2804
2805
2806
2808
2809
2811
2814
2816
2820
2821
2822
2826
2827
2828
2831
2833
2834
2835
2838
2840
2841
2843
2845
2846
2847
2849
2850
2851
2854
2855
2858
2859
2860
2861
2862
2863
2865
2866
2867
2868
2870
2872
2874
2875
2876
2878
2879
2880
2882
2885
2886
2887
2888
2889
2890
2892
2894
2895
2899
2901
2902
2903
2905
2906
2907
2908
2909
2910
2913
2918
2920
2921
2922
2925
2926
2928
2930
2931
2935
2936
2937
2938
2939
2942
2943
2945
2947
2948
2950
2951
2955
2956
2958
2959
2960
2963
2964
2967
2968
2970
2972
2973
2976
2981
2983
2984
2985
2987
2988
2991
2992
2993
2997
2998
2999
3002
3004
3006
3007
3008
3013
3014
3015
3019
3020
3023
3024
3026
3027
3030
3036
3037
3038
3039
3040
3042
3043
3045
3046
3048
3052
3053
3056
3058
3062
3063
3064
3065
3068
3069
3071
3072
3073
3076
3077
3078
3079
3080
3087
3093
3094
3095
3096
3097
3098
3100
3101
3103
3104
3105
3106
3107
3108
3109
3110
3111
3113
3114
3116
3118
3119
3120
3122
3123
3125
3126
3128
3129
3130
3132
3136
3137
3139
3141
3143
3144
3145
3146
3147
3151
3153
3154
3155
3156
3158
3159
3161
3162
3166
3168
3170
3171
3172
3177
3178
3179
3182
3183
3184
3185
3186
3191
3193
3197
3200
3203
3205
3206
3208
3209
3211
3212
3215
3218
3219
3220
3221
3225
3229
3231
3232
3235
3237
3239
3240
3241
3242
3243
3245
3249
3251
3252
3254
3257
3258
3259
3261
3262
3266
3267
3269
3270
3273
3274
3275
3277
3278
3281
3282
3283
3284
3285
3286
3287
3288
3289
3290
3291
3295
3297
3301
3303
3307
3308
3310
3312
3314
3315
3317
3318
3320
3321
3323
3326
3327
3328
3329
3330
3331
3332
3334
3335
3336
3337
3341
3342
3349
3351
3353
3354
3355
3357
3359
3362
3363
3364
3365
3367
3370
3372
3373
3375
3377
3379
3383
3385
3388
3392
3395
3397
3399
3400
3403
3404
3406
3411
3413
3417
3420
3421
3422
3423
3427
3429
3430
3432
3433
3434
3435
3436
3437
3438
3439
3441
3442
3443
3444
3446
3448
3449
3450
3451
3453
3454
3455
3456
3457
3459
3460
3461
3462
3465
3466
3467
3468
3470
3471
3473
3476
3478
3479
3480
3481
3482
3484
3485
3486
3487
3489
3490
3491
3496
3497
3498
3499
3500
3502
3503
3504
3506
3508
3509
3510
3511
3512
3515
3517
3518
3519
3522
3523
3525
3526
3527
3528
3530
3531
3532
3534
3535
3537
3540
3541
3542
3543
3546
3548
3549
3550
3552
3553
3555
3557
3559
3561
3563
3564
3570
3573
3574
3581
3583
3584
3586
3587
3589
3590
3591
3592
3594
3597
3598
3600
3601
3602
3604
3610
3611
3612
3613
3614
3617
3620
3621
3622
3625
3627
3630
3631
3633
3637
3638
3639
3641
3642
3643
3645
3646
3649
3650
3652
3654
3656
3657
3658
3659
3660
3662
3663
3665
3667
3668
3674
3675
3679
3680
3684
3686
3691
3693
3694
3695
3698
3700
3701
3705
3707
3709
3712
3713
3714
3715
3716
3720
3722
3724
3725
3729
3730
3731
3733
3735
3737
3739
3741
3742
3743
3747
3750
3751
3752
3753
3754
3755
3756
3757
3759
3760
3762
3763
3766
3768
3769
3771
3773
3775
3776
3778
3781
3782
3785
3786
3788
3790
3791
3792
3793
3794
3795
3797
3798
3799
3800
3803
3806
3807
3809
3810
3814
3816
3817
3818
3819
3823
3824
3825
3826
3827
3828
3829
3831
3833
3834
3835
3836
3838
3839
3840
3842
3843
3845
3849
3850
3853
3855
3856
3857
3859
3860
3865
3866
3872
3874
3876
3878
3879
3881
3882
3883
3884
3885
3888
3890
3891
3893
3895
3897
3901
3902
3903
3906
3910
3911
3912
3914
3915
3918
3919
3920
3921
3922
3923
3926
3929
3931
3932
3934
3935
3939
3941
3942
3943
3945
3948
3949
3950
3954
3957
3958
3960
3963
3965
3966
3967
3968
3970
3972
3974
3975
3976
3978
3979
3980
3983
3984
3985
3986
3989
3990
3991
3995
3996
4000
4006
4008
4010
4012
4013
4014
4018
4019
4023
4024
4026
4027
4029
4033
4034
4035
4036
4037
4039
4040
4042
4048
4052
4053
4055
4059
4061
4062
4064
4066
4067
4069
4070
4073
4074
4077
4078
4079
4080
4084
4087
4090
4091
4093
4094
4096
4097
4098
4099
4100
4102
4109
4110
4111
4113
4115
4117
4118
4119
4120
4121
4122
4123
4126
4127
4129
4130
4131
4132
4135
4136
4138
4139
4141
4143
4144
4145
4147
4149
4151
4152
4156
4157
4158
4159
4160
4162
4163
4164
4166
4173
4174
4175
4177
4178
4180
4181
4183
4184
4185
4187
4188
4191
4195
4196
4197
4199
4200
4203
4204
4206
4210
4212
4213
4216
4218
4219
4220
4224
4226
4230
4231
4232
4234
4235
4238
4240
4241
4242
4243
4244
4245
4246
4247
4250
4254
4255
4257
4259
4262
4263
4264
4265
4268
4269
4270
4273
4274
4276
4277
4280
4282
4283
4286
4289
4295
4296
4297
4300
4302
4303
4304
4306
4309
4310
4317
4319
4320
4322
4323
4324
4325
4328
4330
4331
4332
4334
4336
4338
4341
4343
4346
4349
4350
4353
4355
4357
4359
4362
4364
4365
4366
4367
4369
4370
4374
4375
4376
4379
4382
4383
4384
4386
4395
4396
4400
4401
4404
4405
4406
4410
4411
4412
4414
4417
4418
4419
4421
4422
4423
4425
4426
4427
4428
4429
4432
4433
4436
4437
4439
4443
4444
4445
4448
4449
4450
4451
4452
4453
4454
4455
4457
4458
4459
4462
4463
4464
4477
4479
4481
4482
4483
4485
4488
4489
4491
4492
4494
4495
4496
4497
4498
4499
4501
4502
4505
4507
4510
4511
4513
4515
4516
4517
4518
4519
4520
4522
4524
4527
4528
4529
4530
4532
4533
4534
4535
4536
4538
4539
4544
4545
4546
4547
4548
4550
4555
4566
4567
4570
4572
4573
4575
4578
4581
4582
4586
4589
4590
4594
4597
4600
4605
4607
4608
4612
4613
4616
4617
4618
4620
4621
4622
4624
4625
4632
4633
4636
4637
4638
4639
4640
4644
4645
4651
4652
4653
4654
4655
4656
4657
4658
4659
4660
4661
4665
4669
4670
4672
4673
4675
4676
4677
4678
4679
4681
4683
4684
4686
4687
4688
4690
4691
4692
4694
4698
4699
4701
4702
4703
4705
4708
4709
4712
4714
4716
4718
4719
4722
4723
4724
4725
4727
4729
4730
4731
4732
4733
4735
4736
4740
4741
4742
4744
4745
4746
4748
4753
4754
4756
4757
4758
4765
4767
4768
4770
4771
4772
4773
4775
4777
4778
4779
4782
4784
4785
4788
4790
4791
4792
4795
4797
4798
4799
4800
4804
4805
4806
4807
4808
4810
4811
4812
4815
4818
4820
4821
4824
4827
4830
4832
4834
4836
4837
4838
4839
4844
4845
4846
4847
4850
4851
4852
4853
4854
4857
4858
4860
4861
4862
4863
4865
4866
4867
4868
4869
4870
4873
4875
4878
4881
4883
4884
4886
4887
4889
4899
4901
4902
4903
4905
4907
4909
4910
4911
4912
4913
4915
4917
4919
4923
4924
4925
4927
4928
4929
4931
4934
4936
4937
4939
4945
4946
4947
4948
4949
4952
4953
4954
4955
4956
4957
4958
4961
4962
4963
4968
4972
4973
4977
4978
4979
4982
4983
4986
4987
4988
4993
4995
4996
5000
5002
5003
5005
5006
5010
5011
5012
5013
5014
5020
5022
5025
5026
5027
5028
5030
5033
5036
5042
5043
5044
5046
5049
5051
5054
5057
5058
5059
5060
5063
5064
5065
5066
5067
5069
5074
5075
5077
5080
5081
5083
5089
5095
5099
5100
5103
5104
5105
5106
5107
5108
5109
5110
5112
5114
5116
5117
5118
5119
5123
5124
5125
5126
5128
5129
5131
5133
5134
5136
5138
5139
5140
5141
5144
5148
5150
5151
5152
5153
5154
5155
5157
5160
5161
5162
5164
5166
5168
5169
5172
5173
5175
5176
5178
5180
5183
5185
5188
5189
5190
5191
5192
5200
5201
5203
5204
5205
5206
5213
5214
5216
5218
5221
5222
5224
5225
5226
5228
5229
5230
5231
5235
5237
5238
5239
5240
5245
5246
5247
5248
5249
5250
5251
5255
5257
5259
5260
5261
5265
5266
5267
5270
5272
5273
5274
5275
5282
5283
5284
5286
5287
5290
5291
5293
5294
5296
5297
5299
5301
5302
5304
5305
5306
5307
5309
5310
5311
5312
5314
5315
5317
5321
5322
5323
5324
5326
5327
5328
5329
5331
5332
5333
5334
5335
5337
5340
5342
5343
5346
5348
5350
5352
5354
5355
5356
5357
5358
5362
5364
5365
5368
5369
5375
5376
5377
5379
5380
5381
5382
5384
5389
5390
5391
5392
5395
5402
5404
5405
5406
5408
5409
5410
5413
5414
5415
5416
5417
5418
5421
5423
5427
5428
5429
5430
5431
5433
5434
5436
5439
5441
5443
5444
5447
5448
5449
5451
5452
5453
5454
5455
5456
5458
5459
5461
5462
5463
5465
5469
5470
5471
5472
5474
5475
5476
5477
5478
5479
5482
5483
5486
5487
5488
5490
5491
5492
5493
5494
5499
5502
5503
5504
5505
5508
5509
5512
5513
5514
5516
5519
5521
5523
5526
5528
5529
5531
5532
5534
5537
5538
5541
5543
5545
5547
5548
5549
5551
5554
5555
5556
5560
5566
5570
5572
5575
5576
5577
5578
5580
5581
5583
5584
5585
5586
5595
5596
5597
5599
5603
5606
5607
5608
5609
5610
5613
5617
5618
5619
5622
5623
5625
5628
5632
5633
5634
5636
5639
5646
5648
5650
5652
5653
5655
5656
5657
5659
5662
5663
5664
5666
5671
5673
5674
5675
5678
5680
5681
5682
5685
5689
5690
5691
5692
5695
5698
5699
5705
5707
5708
5709
5710
5712
5716
5717
5723
5724
5726
5728
5729
5730
5731
5732
5733
5735
5737
5738
5740
5741
5745
5746
5748
5750
5753
5754
5755
5758
5759
5763
5766
5767
5768
5770
5771
5772
5775
5777
5779
5780
5784
5786
5788
5789
5790
5791
5792
5793
5795
5797
5798
5799
5800
5801
5804
5807
5808
5810
5812
5813
5815
5817
5818
5819
5821
5822
5823
5824
5825
5827
5829
5831
5832
5837
5838
5839
5842
5843
5845
5847
5850
5852
5854
5856
5857
5859
5860
5861
5862
5866
5867
5869
5871
5872
5874
5876
5877
5879
5880
5883
5884
5885
5887
5888
5889
5891
5895
5896
5901
5903
5905
5907
5908
5909
5910
5912
5914
5915
5917
5920
5921
5922
5923
5924
5926
5928
5929
5930
5931
5934
5935
5938
5939
5941
5942
5945
5949
5950
5951
5952
5953
5954
5957
5958
5960
5961
5963
5964
5966
5967
5969
5970
5976
5977
5978
5979
5980
5981
5983
5985
5987
5988
5991
5993
5994
5995
5996
5997
6000
6005
6007
6009
6010
6013
6015
6019
6023
6025
6026
6027
6032
6033
6035
6036
6041
6043
6045
6047
6049
6050
6051
6060
6063
6064
6067
6068
6069
6071
6073
6074
6075
6078
6081
6082
6084
6086
6087
6088
6091
6092
6094
6096
6097
6099
6100
6101
6102
6103
6105
6106
6107
6108
6111
6113
6114
6115
6119
6121
6124
6125
6134
6135
6136
6137
6140
6141
6142
6143
6146
6147
6149
6152
6153
6154
6156
6157
6158
6159
6160
6162
6163
6166
6171
6172
6175
6176
6179
6185
6186
6188
6192
6194
6196
6200
6201
6205
6209
6210
6211
6212
6213
6223
6225
6235
6237
6239
6240
6241
6242
6245
6246
6249
6250
6252
6254
6257
6258
6259
6262
6264
6265
6270
6271
6272
6273
6275
6276
6277
6280
6281
6285
6286
6287
6290
6293
6295
6296
6298
6302
6303
6304
6305
6309
6311
6315
6316
6317
6320
6322
6323
6340
6341
6344
6345
6346
6347
6348
6349
6350
6351
6352
6355
6358
6360
6362
6363
6364
6367
6368
6370
6371
6372
6376
6377
6379
6380
6381
6382
6384
6386
6389
6391
6392
6393
6395
6396
6398
6399
6404
6405
6406
6409
6411
6412
6413
6414
6415
6420
6421
6424
6426
6427
6428
6431
6433
6435
6436
6441
6444
6445
6446
6449
6450
6453
6455
6457
6458
6462
6464
6467
6468
6469
6479
6481
6483
6485
6486
6488
6489
6490
6491
6493
6495
6496
6497
6499
6501
6503
6510
6512
6513
6517
6518
6522
6523
6525
6527
6528
6529
6533
6534
6536
6537
6538
6539
6540
6543
6547
6550
6551
6555
6556
6558
6559
6560
6561
6562
6564
6566
6568
6573
6577
6578
6580
6581
6582
6583
6586
6587
6589
6591
6594
6596
6597
6598
6600
6601
6602
6604
6606
6607
6609
6610
6611
6612
6618
6619
6620
6621
6625
6627
6630
6631
6632
6634
6635
6637
6638
6639
6641
6645
6646
6650
6653
6655
6656
6659
6663
6664
6665
6667
6668
6669
6670
6672
6674
6675
6676
6677
6678
6679
6680
6684
6688
6689
6691
6692
6693
6697
6700
6702
6703
6708
6709
6710
6711
6712
6713
6714
6715
6717
6718
6721
6722
6723
6724
6725
6728
6730
6731
6733
6734
6735
6736
6737
6740
6741
6742
6744
6745
6746
6750
6751
6752
6754
6755
6756
6757
6760
6761
6762
6763
6764
6766
6770
6771
6772
6773
6774
6775
6776
6778
6780
6781
6783
6784
6786
6787
6789
6791
6792
6793
6794
6795
6799
6802
6803
6804
6806
6807
6808
6809
6810
6811
6812
6814
6815
6816
6817
6818
6819
6824
6826
6827
6828
6831
6832
6833
6834
6837
6839
6844
6845
6853
6857
6858
6860
6861
6863
6864
6866
6867
6869
6876
6878
6881
6883
6884
6886
6887
6889
6890
6891
6894
6898
6900
6901
6902
6908
6912
6914
6915
6917
6918
6919
6921
6923
6925
6929
6932
6933
6935
6939
6940
6941
6943
6945
6948
6949
6953
6954
6955
6961
6962
6967
6968
6971
6973
6979
6981
6984
6986
6987
6989
6991
6992
6993
6994
6995
6997
7002
7003
7004
7006
7007
7010
7014
7015
7019
7020
7021
7024
7025
7027
7029
7033
7034
7036
7038
7041
7043
7044
7045
7047
7048
7049
7050
7053
7054
7055
7056
7058
7059
7060
7061
7063
7069
7070
7071
7073
7074
7078
7082
7084
7085
7088
7090
7091
7093
7094
7095
7098
7100
7102
7103
7108
7110
7116
7118
7120
7122
7123
7125
7126
7130
7131
7132
7133
7135
7136
7138
7139
7140
7142
7144
7145
7147
7151
7152
7154
7155
7156
7159
7160
7165
7167
7168
7169
7170
7171
7172
7173
7174
7177
7179
7181
7182
7183
7185
7186
7187
7188
7190
7193
7194
7195
7196
7199
7201
7202
7204
7206
7207
7209
7211
7213
7214
7219
7220
7221
7225
7228
7230
7232
7233
7235
7237
7238
7239
7241
7243
7244
7245
7246
7249
7254
7256
7261
7262
7264
7265
7267
7269
7270
7272
7275
7276
7278
7279
7280
7281
7282
7286
7287
7290
7292
7293
7295
7296
7298
7300
7302
7303
7304
7305
7308
7309
7310
7311
7313
7315
7319
7320
7323
7330
7332
7336
7337
7338
7340
7345
7346
7347
7348
7349
7350
7351
7352
7353
7354
7357
7358
7362
7363
7365
7371
7372
7373
7374
7375
7381
7387
7388
7389
7390
7391
7392
7397
7398
7399
7401
7403
7404
7405
7406
7407
7408
7409
7411
7412
7413
7414
7415
7416
7417
7419
7421
7422
7424
7426
7431
7434
7438
7439
7441
7443
7444
7445
7448
7449
7450
7452
7454
7455
7457
7458
7459
7460
7461
7465
7466
7467
7471
7475
7477
7480
7481
7482
7483
7484
7485
7486
7487
7489
7493
7494
7497
7498
7499
7501
7502
7503
7504
7505
7507
7510
7511
7514
7521
7525
7526
7527
7529
7531
7532
7535
7536
7538
7540
7541
7542
7543
7545
7546
7549
7551
7552
7553
7554
7558
7560
7561
7562
7563
7564
7565
7566
7569
7572
7574
7575
7578
7584
7585
7586
7587
7588
7589
7591
7592
7594
7595
7597
7601
7602
7609
7610
7611
7612
7613
7617
7619
7621
7624
7625
7626
7630
7631
7632
7633
7634
7638
7639
7640
7641
7642
7644
7647
7649
7651
7652
7653
7654
7655
7659
7662
7664
7667
7668
7670
7671
7673
7674
7676
7678
7679
7680
7681
7682
7683
7685
7689
7690
7692
7694
7696
7697
7699
7700
7701
7703
7707
7709
7710
7713
7715
7716
7718
7719
7720
7722
7723
7725
7726
7727
7731
7732
7733
7734
7735
7737
7738
7741
7742
7743
7745
7746
7747
7748
7750
7752
7754
7755
7756
7759
7760
7762
7764
7765
7768
7770
7773
7776
7778
7779
7783
7784
7786
7787
7789
7791
7793
7794
7795
7797
7798
7799
7804
7805
7813
7815
7818
7819
7820
7821
7825
7827
7830
7831
7832
7833
7834
7837
7839
7842
7845
7847
7848
7849
7850
7851
7853
7854
7855
7860
7865
7867
7868
7874
7876
7877
7878
7880
7882
7883
7885
7886
7887
7888
7889
7891
7893
7897
7900
7902
7911
7912
7914
7916
7922
7924
7925
7929
7930
7931
7932
7933
7937
7939
7940
7942
7943
7945
7947
7948
7953
7954
7959
7960
7961
7962
7963
7964
7965
7970
7973
7974
7975
7978
7982
7984
7987
7988
7990
7993
7994
7996
7998
8002
8005
8009
8010
8012
8013
8016
8018
8019
8021
8022
8023
8024
8026
8029
8030
8031
8033
8034
8039
8041
8045
8046
8047
8052
8055
8056
8059
8060
8061
8062
8065
8068
8069
8070
8071
8072
8073
8076
8078
8080
8081
8082
8083
8085
8086
8087
8088
8090
8091
8095
8097
8099
8100
8101
8104
8106
8110
8114
8115
8116
8118
8124
8125
8127
8128
8129
8131
8132
8133
8134
8136
8138
8140
8142
8143
8146
8147
8149
8150
8151
8152
8153
8154
8155
8156
8157
8158
8159
8163
8164
8167
8168
8170
8175
8177
8179
8180
8182
8183
8184
8186
8187
8189
8190
8192
8193
8194
8195
8197
8198
8202
8204
8205
8207
8208
8210
8211
8213
8216
8217
8219
8220
8222
8223
8224
8226
8227
8229
8230
8233
8237
8238
8241
8243
8244
8245
8247
8248
8249
8250
8251
8252
8254
8257
8260
8262
8263
8264
8265
8267
8268
8269
8271
8272
8274
8275
8277
8278
8280
8281
8283
8284
8285
8287
8288
8291
8292
8294
8295
8298
8299
8301
8302
8306
8307
8308
8309
8310
8311
8312
8313
8314
8315
8318
8320
8321
8322
8323
8324
8325
8328
8329
8331
8334
8335
8336
8337
8338
8339
8341
8344
8346
8347
8349
8350
8352
8354
8355
8356
8358
8359
8362
8363
8364
8366
8367
8374
8377
8379
8380
8383
8384
8385
8388
8389
8390
8391
8395
8396
8400
8402
8404
8405
8406
8407
8408
8410
8411
8415
8416
8417
8421
8422
8424
8427
8429
8432
8433
8436
8437
8440
8443
8444
8445
8448
8449
8450
8451
8454
8457
8460
8464
8466
8467
8468
8469
8471
8473
8474
8478
8479
8480
8482
8483
8484
8489
8491
8492
8495
8497
8507
8508
8511
8514
8516
8518
8522
8524
8526
8527
8528
8532
8533
8536
8540
8541
8544
8545
8548
8550
8551
8552
8553
8554
8556
8557
8558
8560
8561
8563
8564
8565
8567
8569
8570
8572
8573
8574
8575
8576
8577
8578
8579
8580
8581
8584
8585
8586
8590
8591
8592
8595
8596
8598
8599
8601
8603
8604
8607
8611
8613
8615
8616
8617
8618
8620
8623
8626
8627
8629
8630
8632
8634
8636
8638
8640
8641
8642
8645
8646
8650
8652
8655
8656
8658
8659
8661
8662
8664
8667
8668
8669
8672
8673
8674
8675
8677
8681
8682
8683
8685
8686
8688
8691
8692
8694
8695
8700
8702
8707
8709
8711
8712
8714
8715
8716
8717
8718
8719
8722
8723
8724
8725
8727
8729
8730
8731
8733
8734
8735
8737
8738
8739
8741
8744
8745
8749
8750
8752
8753
8754
8760
8763
8765
8767
8768
8770
8771
8774
8777
8778
8779
8780
8785
8790
8792
8793
8795
8798
8800
8802
8804
8805
8807
8810
8811
8812
8813
8814
8816
8819
8822
8824
8828
8832
8833
8834
8835
8837
8840
8842
8844
8847
8849
8850
8851
8852
8853
8854
8855
8857
8859
8862
8864
8866
8868
8869
8871
8872
8873
8874
8875
8878
8881
8882
8885
8887
8892
8896
8897
8899
8901
8902
8903
8904
8905
8906
8907
8909
8910
8915
8916
8917
8918
8920
8922
8923
8924
8925
8927
8929
8930
8932
8934
8935
8936
8937
8938
8939
8941
8945
8947
8948
8949
8950
8952
8953
8954
8955
8956
8963
8964
8966
8967
8968
8969
8970
8975
8976
8977
8980
8981
8982
8984
8985
8987
8988
8989
8990
8992
8993
8995
8996
8997
8999
9002
9003
9004
9006
9009
9011
9012
9013
9015
9017
9019
9022
9024
9025
9026
9027
9028
9029
9030
9031
9033
9034
9035
9036
9037
9039
9040
9041
9045
9046
9047
9050
9051
9054
9057
9059
9061
9063
9064
9065
9066
9067
9068
9071
9072
9075
9078
9079
9081
9082
9083
9085
9087
9088
9089
9090
9091
9092
9093
9094
9095
9097
9098
9099
9100
9103
9104
9109
9112
9115
9119
9120
9122
9123
9129
9130
9131
9135
9137
9139
9140
9141
9144
9145
9147
9150
9152
9153
9155
9159
9160
9161
9162
9164
9167
9171
9172
9174
9177
9178
9182
9184
9186
9187
9189
9190
9192
9194
9195
9199
9200
9202
9203
9204
9205
9206
9207
9209
9210
9215
9217
9219
9220
9223
9224
9225
9228
9230
9232
9233
9234
9236
9237
9239
9244
9247
9250
9254
9255
9256
9257
9259
9260
9262
9268
9270
9272
9274
9275
9277
9278
9279
9280
9288
9289
9290
9291
9294
9295
9296
9297
9303
9305
9309
9310
9311
9313
9314
9315
9316
9317
9319
9322
9324
9325
9327
9328
9329
9330
9332
9334
9337
9340
9342
9343
9344
9345
9346
9348
9352
9353
9356
9357
9358
9359
9364
9365
9366
9367
9368
9370
9375
9377
9378
9379
9380
9381
9387
9388
9389
9390
9391
9392
9395
9396
9397
9398
9399
9401
9404
9406
9407
9408
9409
9410
9412
9413
9417
9418
9419
9421
9424
9425
9428
9429
9430
9433
9436
9439
9440
9442
9444
9446
9449
9451
9453
9454
9455
9459
9460
9464
9465
9470
9476
9478
9480
9481
9483
9484
9485
9487
9490
9493
9494
9497
9498
9499
9502
9505
9506
9507
9508
9509
9512
9513
9514
9516
9517
9518
9519
9520
9521
9523
9524
9525
9526
9527
9529
9530
9533
9534
9535
9537
9538
9540
9541
9542
9543
9546
9548
9549
9550
9551
9552
9553
9554
9555
9556
9558
9559
9560
9561
9562
9563
9564
9566
9573
9574
9575
9576
9580
9581
9587
9588
9589
9591
9593
9594
9596
9598
9600
9601
9602
9605
9608
9610
9611
9612
9613
9614
9615
9616
9617
9618
9620
9623
9624
9625
9628
9630
9632
9633
9634
9635
9636
9639
9641
9644
9645
9646
9647
9648
9649
9650
9651
9654
9658
9660
9661
9662
9663
9665
9669
9672
9673
9674
9676
9681
9683
9684
9686
9687
9688
9690
9691
9693
9696
9698
9699
9701
9705
9707
9708
9714
9715
9724
9726
9729
9730
9731
9732
9733
9734
9735
9736
9738
9739
9740
9742
9743
9748
9749
9751
9755
9758
9759
9760
9762
9764
9765
9767
9768
9769
9770
9773
9774
9777
9779
9781
9782
9785
9788
9789
9790
9792
9793
9795
9797
9804
9806
9807
9808
9809
9811
9817
9819
9820
9823
9825
9826
9828
9829
9831
9834
9836
9837
9840
9842
9843
9844
9845
9847
9849
9852
9854
9855
9858
9863
9865
9866
9867
9869
9873
9874
9875
9878
9880
9881
9887
9889
9891
9894
9896
9897
9899
9901
9903
9904
9910
9912
9913
9915
9918
9919
9920
9922
9927
9928
9929
9930
9934
9935
9937
9938
9942
9945
9951
9952
9956
9958
9959
9962
9963
9964
9965
9966
9968
9969
9973
9974
9983
9984
9986
9990
9993
9995
9996
9998
10001
10002
10003
10004
10006
10008
10010
10012
10014
10015
10016
10017
10018
10019
10021
10022
10023
10024
10026
10028
10029
10033
10035
10038
10039
10041
10043
10045
10046
10047
10053
10055
10057
10058
10059
10062
10064
10067
10068
10072
10073
10074
10075
10078
10079
10081
10083
10084
10086
10089
10091
10095
10096
10097
10098
10099
10100
10101
10102
10103
10106
10109
10110
10113
10115
10118
10119
10122
10123
10125
10126
10129
10130
10135
10136
10137
10138
10139
10140
10142
10147
10148
10152
10155
10156
10157
10159
10160
10162
10163
10170
10171
10173
10176
10178
10179
10180
10181
10183
10185
10186
10187
10188
10189
10190
10191
10192
10193
10194
10197
10199
10201
10202
10203
10204
10211
10214
10217
10220
10221
10223
10229
10231
10237
10239
10240
10241
10244
10245
10246
10247
10248
10249
10250
10251
10252
10255
10256
10257
10260
10261
10265
10267
10272
10274
10276
10277
10278
10280
10281
10283
10284
10285
10290
10295
10300
10302
10303
10304
10306
10307
10309
10311
10312
10314
10316
10318
10321
10322
10324
10326
10328
10329
10330
10332
10333
10334
10336
10337
10338
10340
10341
10343
10344
10345
10349
10350
10352
10353
10354
10357
10358
10360
10361
10362
10363
10366
10368
10371
10372
10373
10375
10376
10379
10380
10381
10382
10383
10384
10390
10393
10394
10396
10398
10399
10400
10401
10402
10404
10405
10407
10410
10411
10412
10413
10414
10415
10418
10419
10421
10426
10427
10429
10432
10433
10434
10435
10440
10441
10445
10447
10448
10449
10450
10454
10455
10457
10458
10459
10463
10465
10466
10467
10468
10472
10474
10475
10481
10483
10484
10485
10487
10489
10490
10492
10493
10496
10499
10500
10505
10506
10507
10513
10517
10519
10520
10524
10525
10529
10532
10533
10534
10538
10539
10541
10543
10546
10551
10553
10554
10555
10557
10564
10567
10568
10571
10572
10573
10574
10578
10581
10582
10583
10584
10585
10586
10588
10590
10592
10593
10594
10595
10597
10598
10599
10600
10601
10602
10604
10605
10606
10608
10610
10612
10613
10616
10618
10619
10621
10623
10624
10625
10626
10627
10628
10630
10631
10632
10635
10639
10641
10642
10644
10646
10648
10651
10655
10658
10661
10663
10666
10667
10674
10677
10682
10683
10685
10686
10687
10696
10697
10700
10701
10703
10705
10706
10707
10708
10709
10710
10714
10715
10717
10718
10719
10722
10725
10726
10727
10728
10730
10734
10736
10737
10738
10739
10740
10743
10744
10747
10748
10750
10751
10752
10758
10760
10761
10762
10763
10764
10769
10772
10775
10779
10780
10783
10784
10786
10788
10789
10790
10792
10793
10796
10797
10798
10800
10801
10802
10805
10806
10808
10810
10813
10814
10815
10816
10817
10818
10819
10820
10821
10824
10826
10827
10829
10832
10834
10836
10837
10838
10842
10844
10845
10847
10849
10850
10851
10853
10856
10857
10859
10860
10861
10862
10864
10868
10871
10873
10874
10876
10878
10886
10887
10888
10889
10892
10894
10895
10896
10897
10898
10899
10901
10902
10906
10907
10911
10914
10916
10918
10919
10922
10923
10925
10926
10927
10929
10933
10934
10937
10940
10942
10944
10945
10947
10948
10949
10950
10952
10953
10962
10964
10966
10967
10968
10969
10970
10971
10972
10973
10974
10976
10977
10978
10979
10980
10981
10983
10984
10987
10988
10989
10990
10991
10994
10995
10996
10999
11000
11004
11006
11007
11008
11009
11010
11011
11012
11018
11020
11021
11023
11024
11027
11028
11029
11031
11035
11037
11038
11042
11043
11044
11045
11046
11049
11051
11052
11054
11059
11060
11062
11063
11064
11065
11067
11068
11069
11071
11072
11074
11076
11078
11079
11083
11087
11089
11090
11091
11093
11094
11096
11098
11099
11104
11108
11109
11113
11114
11117
11120
11124
11127
11128
11129
11130
11134
11135
11136
11138
11143
11145
11146
11148
11149
11151
11152
11154
11155
11158
11160
11163
11164
11165
11166
11168
11170
11173
11177
11178
11179
11180
11181
11182
11185
11188
11190
11191
11192
11193
11195
11196
11198
11203
11204
11205
11207
11210
11211
11212
11214
11215
11217
11218
11219
11220
11221
11223
11226
11228
11229
11233
11234
11236
11237
11240
11241
11242
11244
11246
11247
11248
11249
11252
11256
11259
11260
11262
11263
11264
11265
11266
11269
11270
11271
11272
11274
11276
11277
11279
11280
11282
11283
11284
11286
11288
11289
11293
11295
11298
11301
11304
11305
11306
11307
11308
11321
11323
11324
11327
11331
11332
11333
11334
11335
11338
11340
11341
11343
11344
11345
11346
11347
11349
11350
11351
11352
11359
11362
11363
11364
11365
11368
11371
11372
11373
11375
11378
11379
11380
11381
11382
11384
11389
11393
11394
11395
11397
11399
11400
11402
11404
11405
11407
11408
11410
11412
11413
11414
11416
11417
11418
11419
11423
11430
11433
11434
11435
11436
11437
11438
11440
11441
11442
11443
11454
11457
11458
11459
11460
11461
11462
11463
11466
11467
11469
11470
11471
11476
11477
11478
11479
11480
11481
11485
11486
11488
11490
11493
11495
11497
11498
11499
11500
11502
11503
11504
11505
11506
11507
11509
11510
11512
11513
11514
11515
11516
11518
11520
11521
11522
11523
11526
11527
11528
11529
11530
11531
11533
11534
11538
11542
11543
11544
11545
11546
11547
11549
11553
11554
11555
11557
11558
11559
11563
11564
11567
11569
11571
11572
11573
11575
11576
11577
11581
11582
11583
11585
11587
11588
11591
11593
11597
11598
11599
11600
11601
11602
11603
11604
11607
11608
11613
11615
11616
11618
11619
11621
11623
11626
11630
11635
11637
11639
11645
11646
11652
11653
11655
11656
11657
11659
11663
11664
11668
11669
11670
11671
11672
11673
11680
11682
11683
11688
11690
11691
11692
11693
11694
11698
11699
11701
11703
11706
11707
11711
11715
11716
11717
11720
11721
11722
11723
11724
11725
11727
11729
11730
11731
11734
11735
11740
11743
11744
11745
11747
11748
11749
11751
11753
11755
11758
11759
11760
11761
11764
11765
11770
11771
11772
11773
11776
11777
11778
11779
11780
11781
11783
11784
11786
11787
11790
11791
11792
11794
11798
11800
11801
11802
11806
11807
11808
11809
11811
11816
11817
11818
11819
11820
11823
11827
11835
11837
11838
11840
11841
11843
11845
11846
11847
11848
11849
11850
11851
11852
11854
11855
11856
11857
11859
11861
11865
11870
11871
11872
11875
11876
11877
11878
11882
11885
11887
11889
11890
11891
11897
11899
11900
11902
11903
11904
11906
11907
11909
11910
11919
11922
11923
11926
11929
11931
11933
11935
11938
11941
11943
11945
11946
11947
11948
11949
11950
11952
11954
11956
11958
11959
11960
11965
11968
11972
11973
11974
11975
11977
11985
11990
11991
11992
11994
11997
11998
12001
12002
12003
12006
12009
12010
12011
12013
12015
12016
12017
12019
12020
12021
12022
12028
12029
12030
12031
12032
12034
12035
12036
12037
12039
12040
12041
12044
12046
12048
12049
12053
12061
12067
12068
12070
12072
12073
12074
12076
12079
12081
12083
12085
12086
12087
12088
12090
12091
12092
12095
12096
12099
12100
12101
12102
12104
12105
12108
12110
12112
12114
12115
12116
12121
12123
12124
12126
12127
12128
12134
12135
12136
12138
12139
12142
12143
12144
12145
12146
12147
12148
12149
12150
12151
12153
12155
12159
12160
12161
12162
12170
12173
12174
12176
12177
12178
12181
12182
12184
12185
12187
12192
12193
12195
12197
12199
12200
12201
12202
12205
12206
12208
12209
12211
12213
12214
12218
12219
12220
12221
12223
12227
12230
12232
12233
12238
12239
12240
12243
12244
12245
12246
12250
12251
12256
12257
12259
12261
12262
12263
12264
12265
12266
12271
12272
12273
12275
12277
12278
12281
12285
12286
12287
12288
12289
12291
12295
12299
12301
12302
12303
12304
12305
12306
12307
12309
12310
12319
12320
12322
12323
12324
12325
12326
12327
12328
12330
12331
12341
12342
12343
12344
12347
12348
12349
12350
12351
12352
12354
12356
12358
12360
12361
12362
12365
12368
12369
12370
12371
12372
12373
12374
12376
12377
12378
12381
12382
12383
12386
12396
109
1
2
258
3
4
263
7
264
8
9
11
13
270
17
274
275
21
22
280
25
288
32
33
34
40
296
44
45
305
50
53
312
57
58
314
59
62
63
320
321
322
67
323
69
329
331
76
337
81
84
341
342
346
91
348
350
96
353
97
98
99
102
103
361
106
363
107
108
366
111
367
112
369
375
121
379
124
382
128
385
130
393
140
141
143
400
403
148
151
154
163
166
175
181
182
183
190
195
196
200
201
203
207
216
222
230
249
251
254
