2818
0
1
4098
2
5
7
8200
8201
4105
8202
11
8203
8204
12
4108
4111
16
4112
4115
8212
20
4118
8214
8215
8216
25
4124
29
8221
4125
8222
4126
30
31
32
8224
4129
33
8226
8227
36
8228
8230
4136
8233
42
8234
4139
4140
8237
47
8239
4143
8240
4147
8245
8248
8249
4153
57
59
60
8252
64
4161
4162
66
4164
70
4167
8264
4169
8266
4175
8272
4176
81
4177
4178
8277
8278
86
87
8279
88
8282
91
92
8284
93
4189
4190
95
4191
97
98
8291
100
4196
4197
8294
4199
4200
105
8297
4203
8301
4206
112
8305
8306
8310
4216
120
121
8314
122
124
8316
125
4221
126
8318
4223
129
131
8324
8326
4231
8330
4234
4235
8334
143
8336
8340
8343
151
4247
4248
152
153
8347
4251
8350
4254
160
4257
8356
165
4262
8358
166
167
168
169
8362
4266
177
8370
8371
8372
180
4280
184
185
188
190
8384
193
4294
199
4296
200
4298
8395
203
8398
207
8400
8401
4306
210
4307
8404
4309
4311
8407
8409
8410
4314
8412
4318
223
4319
8416
8417
8419
228
4324
8420
8421
229
4326
8423
4328
4329
8426
4332
236
237
4334
8430
4335
8432
4338
242
245
8439
248
4346
4348
252
253
256
4355
259
8451
8452
260
4357
8453
4358
8457
267
4364
8460
269
8462
4366
4370
8466
8467
276
4373
8470
8471
4376
4379
285
8477
288
4385
8482
4387
8488
297
8490
8492
8493
8495
303
4400
4402
4403
8499
8500
4406
312
4408
8504
313
8506
4411
315
4414
8510
4418
322
323
4420
8518
327
8521
4425
333
4429
8525
8526
334
335
4433
338
8531
8532
8534
342
8536
4441
348
4444
4447
4448
353
354
4452
358
359
362
4459
364
365
366
8558
8559
4464
4466
4467
8563
371
4468
374
8569
8571
381
8573
4477
8574
4478
4480
8577
4483
387
389
8583
392
4488
4490
4491
4493
4494
8590
8595
8597
406
8598
407
8600
4506
4508
412
8604
4511
8607
416
417
8610
4515
420
426
8618
4525
429
8623
8625
433
435
8627
8628
4532
436
4533
437
438
8631
441
4537
443
447
8639
4544
8641
449
4546
8642
450
454
458
4555
8652
8653
8656
465
466
4562
467
4563
8659
8660
8661
4567
472
8665
8666
477
478
4575
480
481
8674
483
4579
484
8682
8683
4588
492
494
8686
4591
499
502
4599
4602
4603
507
508
4607
4608
4609
8710
522
4622
527
4623
8721
532
8726
537
8730
8731
4636
541
8735
546
547
8740
8741
4645
554
555
4652
556
4654
8750
559
4656
561
562
563
4660
564
8759
4664
8762
570
8763
571
573
8765
8766
4671
8767
4673
8771
8772
8774
8776
4682
4683
588
8781
8782
590
4686
8783
592
8784
594
597
8789
598
599
4696
8792
8793
4697
601
8794
605
4702
4705
610
611
612
613
8805
4709
8806
4713
619
4717
4719
624
625
8818
627
628
8823
4727
4728
8825
4730
635
8827
4731
8828
4732
4734
4738
643
4742
647
649
8842
4746
8843
4747
8844
654
4751
4752
8848
656
8849
657
658
8851
660
4757
662
4760
665
666
668
8862
671
4768
8865
8867
4772
8870
680
8872
681
8874
682
4780
4785
689
4786
8884
8885
693
4790
695
4791
4792
698
4794
699
8893
702
8894
703
8895
8896
705
8902
4806
4810
8906
8907
4812
8908
4814
4818
8915
724
8916
731
8923
736
737
8929
738
4834
8934
8936
745
8939
8941
750
751
4849
8946
4851
756
4852
757
4854
4855
761
8953
8954
763
764
4860
765
4862
8959
768
4864
8961
4867
4868
772
4871
776
8970
779
781
8973
782
8974
8977
4882
786
4883
4884
788
8980
790
4886
8983
4887
8984
4889
4890
8986
4891
8988
4892
4894
798
8993
802
4899
806
4903
808
4904
4907
812
4909
9006
815
816
9009
4915
4916
9013
4920
4923
4924
9021
4925
830
9024
9031
4935
4936
9032
9034
9037
9038
4943
4944
9041
9043
9045
4950
9048
4953
9049
4954
861
4961
865
9058
9059
4964
868
4965
9061
4968
872
874
9066
4971
4972
4973
9070
878
879
9071
880
881
9076
9079
4985
9083
9085
9086
9087
9088
4993
9091
4996
4997
9093
902
5000
9097
906
907
5003
9100
5004
5005
9103
9105
913
5010
9110
918
9111
5016
5021
925
9118
9123
933
935
936
5032
937
9130
9131
940
5036
9135
943
9139
948
949
5046
9142
952
953
9145
5051
5052
9148
5054
5055
959
9155
5060
5061
5064
9162
970
974
5072
977
9170
5075
9172
9173
9176
9177
985
9179
5084
9183
9184
5089
9188
5093
998
1000
9194
9195
5102
5103
1008
9202
5107
9203
1011
5108
1013
5109
5110
9207
1016
9208
5113
9209
9210
5114
9211
9212
9216
9217
9218
5124
1028
5125
1031
9223
5129
9225
1034
9229
5134
1040
5136
9234
1042
5142
1046
9240
1050
1051
5147
5148
9246
1055
1056
9251
1059
1061
5158
1062
9256
5160
5161
5162
9259
9260
1071
9263
9267
1076
9268
1078
5177
1081
1082
9277
5182
9278
9280
1089
5186
1092
5188
5189
5191
5193
1099
9294
9295
5199
1104
9299
1109
5205
5207
1112
9304
9308
1116
9309
1117
5217
1124
5223
5224
1129
1131
9325
5230
9326
1135
9327
1136
9328
1137
9333
5239
1144
9336
9337
1146
5244
5245
9341
1150
9343
1151
5250
9346
1155
5252
1156
5253
5255
9351
9353
5257
1161
9354
9355
1163
5261
9357
1165
1166
9359
5264
1168
9361
5266
5268
1173
1174
9367
5274
1179
1180
1181
5277
9373
9375
9376
5280
9382
5286
9383
1192
9384
1193
1194
9386
5291
9387
5292
9388
1197
9389
9390
1200
9395
1203
1204
1206
5302
1207
9402
5306
9408
5314
1220
5317
9414
9415
1224
9416
5321
5324
1229
5326
1230
9422
1231
9423
5327
1232
5328
9424
1235
9427
9429
1237
1238
9431
1240
5337
9438
9441
9443
1252
1253
5349
9445
1255
5351
5352
1256
1257
9450
9452
5357
9457
1266
9459
5363
1267
1268
9461
5365
1272
9467
1276
9468
9469
1278
1279
1280
9472
5378
1282
9475
1283
1284
1285
1286
5383
5385
9482
1291
9483
5387
9484
5389
9485
9486
5390
1295
9488
5393
1298
9492
1308
5404
9502
1310
9504
5408
1315
5412
5415
1320
5419
9515
9516
5421
9517
5426
9522
5428
9525
9528
1337
1339
9531
9532
1341
5437
9533
9534
5439
9538
5442
5444
1351
1355
1356
5452
9548
5453
9550
1359
5457
5458
5459
9555
5460
1364
5461
1366
9558
9560
9561
9563
1372
1373
1376
9568
9569
1377
5473
1380
9572
5477
9574
5479
1384
5480
9580
1389
5488
1392
1393
5491
5492
9589
9590
1398
5494
1399
5495
1400
9592
5497
1405
5502
9599
1409
5505
1415
5514
1418
9611
5516
9613
9615
5521
9617
5522
1427
5523
1428
5526
9622
1431
1432
9625
1434
5531
9627
5532
9629
5534
1439
9632
1443
5540
1444
1447
5546
5547
9643
1451
1453
9645
9646
1454
9647
9649
1458
5555
9651
1461
1463
1464
1466
5562
5563
9661
1471
5568
9664
9666
1475
1480
9672
5577
9674
5580
1486
9679
5583
1488
1489
1490
9683
9685
1496
5592
5593
1498
5595
1500
5597
1503
5600
9698
1507
9701
5607
9703
9704
9706
1514
5614
5615
5616
1522
5619
1524
9717
9718
5623
9720
9721
5625
1530
9722
1531
9724
5628
5631
9728
1536
9729
5634
9731
5636
1542
5638
5639
5645
9743
1552
9744
5648
5651
5653
5656
1560
9753
9754
9755
5660
9757
1565
1566
5663
1570
5666
1573
1576
5674
5677
1583
5679
9775
9776
5680
5681
5682
9779
5684
1589
5686
9782
1591
1593
5692
9790
5694
9792
5698
9795
1603
9798
1606
5703
1607
5704
9801
5706
1612
9805
5709
5712
5715
1619
1620
1621
9814
5719
9815
5721
5723
1628
1630
5727
1634
5731
9827
9831
9832
1640
5736
9833
9834
9836
5742
5743
1647
9840
1651
5749
1654
9847
9849
5754
9850
9852
1661
9854
1663
1664
1666
9860
1670
1672
1673
9866
5771
1675
5774
1679
5776
9872
1682
5778
9874
9879
5784
5786
9882
5787
1691
9885
5790
9886
1695
9888
1696
1697
5793
1698
9890
1699
5795
1700
1701
1702
9895
1703
1704
9896
5801
5802
5803
1708
1711
5808
9904
9907
1715
1717
9909
9910
5816
1722
1723
5819
9915
1724
9916
1725
9919
5823
5824
9922
1732
9926
1734
9928
5832
1737
5833
9929
5834
9931
5836
1741
5838
1745
5842
1746
1748
1749
1750
1751
5848
1754
9946
1756
9948
9950
9951
9955
5859
1766
5863
1768
1769
5867
9963
1772
9964
9967
5871
1777
1780
9973
9974
1783
5879
5880
5882
9979
1788
9981
5886
9982
5887
1794
1795
5892
1796
9989
1797
1799
5895
5896
5897
9993
1801
1803
9996
5900
1805
9998
5903
1810
5909
5910
1815
10008
1816
1817
10010
10011
1820
10012
1822
5918
5920
10017
1826
5923
10019
5924
5925
1831
5929
10029
10030
5935
1841
10035
10036
1844
1845
5942
5943
5944
5945
1850
5947
10046
1855
10049
10051
10052
5956
1862
10055
1863
1864
1865
5963
10060
1870
5968
10065
1874
10066
1875
10070
10071
1880
10073
10074
10075
5980
10077
5983
10082
5992
10088
10090
5995
10091
1900
5996
1902
10094
1903
10098
6002
1906
10099
6003
10104
6008
6009
10107
10108
10109
1919
10112
10113
10114
1923
6019
6020
10116
1925
10118
1927
1928
1930
6029
1933
10126
6030
1936
10128
10130
1939
6035
6037
10135
1946
10139
1949
6045
1952
6048
10145
1954
6050
6051
1956
10151
10152
1963
6060
10159
6063
6064
10160
1968
6065
1969
6067
10163
1973
10168
6076
6078
10176
6080
6081
1985
10179
1987
10181
6085
6086
1991
1992
6089
6090
1996
6096
10192
2001
6097
10193
2003
2007
6103
10200
6105
6110
10209
2018
6115
2021
2023
10219
2029
6126
6127
10224
6129
2033
10225
6130
10226
10227
10228
2036
2037
10229
6134
2042
2043
10238
2046
6143
2048
2049
10242
2051
6149
6150
6151
10248
6152
6154
10252
10253
6159
6160
2064
10258
2066
10259
6163
2068
2070
2071
2072
2073
10267
6171
2075
6172
10269
6174
10271
6175
10272
6179
2084
10276
2086
6182
2088
10281
6187
2096
2098
2101
6197
10294
6201
6203
10300
6206
10302
10303
10306
10307
2116
10308
10309
6214
6216
10313
2124
10316
10318
6223
2127
6225
10321
2130
10322
10324
2133
6232
6233
2140
10336
6240
2145
2147
6243
2148
2150
6246
2151
6250
6251
2156
2157
6254
2162
6259
2163
6261
2165
2166
2168
6266
6268
2175
6274
6278
2183
2185
6281
6282
2186
6283
2188
6285
6289
6292
2200
6296
2203
6301
6308
2212
2214
6310
6311
2218
6314
2221
2222
2223
6322
6323
2233
6331
2237
2238
2240
6336
2241
6338
2244
6341
6342
6343
6346
6348
6351
6352
6353
2258
2261
6358
2263
6361
2265
6362
6363
2270
2271
2272
6369
2274
6372
6373
2280
6379
2283
2289
2295
6393
2299
6397
6398
6399
2304
2306
2307
2309
2312
6409
2314
2317
6418
2323
2325
6422
2326
2327
6424
6425
2329
6426
2330
2331
2332
6429
2333
2334
6431
2335
6433
6436
6440
2344
2346
2349
2351
2353
6453
6454
6455
6457
2366
6467
2371
6468
2375
6471
2377
6474
6477
2381
2382
6479
6481
6482
2389
2393
2395
6495
2400
6497
2402
6499
6500
6502
2407
6504
2409
6506
2410
6509
2416
6513
6515
2424
6521
6526
6527
2436
6534
6537
2443
2444
2447
6543
2449
6546
6547
2453
6554
6558
6559
6562
2467
6565
6566
2470
2471
6567
2472
6570
2477
2479
2484
6582
2487
2490
6587
2492
6592
6593
2497
6594
6595
2503
2504
6602
6603
2508
2509
2512
2516
6613
2517
6614
2521
2523
2526
6626
2530
2532
2535
6631
2542
6639
2550
2551
6647
2555
6653
2561
6657
2563
6659
2567
2570
2576
6673
2578
2581
2583
2587
6685
2592
2594
6691
6692
6695
2599
6696
2602
2606
6704
2609
2610
2611
6709
6715
2619
2624
2625
2630
2631
2632
6728
2637
2638
6738
6740
2644
2646
2647
6743
2648
2649
6746
2652
2653
6749
2654
6751
2658
2664
6760
6761
6763
2669
2673
6771
2677
2679
2682
2688
2691
6787
2692
2697
2699
6795
6796
2700
6797
2703
2705
2709
2711
2715
6816
2722
6822
6825
2730
2732
6828
2733
2735
6831
6838
2743
2744
2746
6842
6843
2748
6847
2752
2756
2763
2764
6860
6863
2767
6867
2773
6870
2779
2781
2782
6881
6882
6883
2788
2791
6890
2796
6894
6895
6896
2801
6899
2808
6907
2812
6909
6910
6911
2817
2820
6916
2821
6918
2822
2831
6928
6929
6931
6932
6939
2844
2845
6943
2847
2853
2854
6959
2865
2869
6969
2875
2878
6974
2879
2881
6977
2883
6979
2884
6981
6982
6983
2890
2892
6991
2895
2896
6993
2901
2902
7000
7004
2909
2910
7007
7008
2912
7009
2913
2919
2920
7017
7019
2927
2933
7030
2934
7031
7034
2938
2939
7039
7042
7044
2948
2949
2951
2952
7053
7054
7057
7059
7060
2965
2966
7062
2969
7066
7068
2973
2977
2979
2982
7079
2985
7084
2989
7087
2991
2993
7089
2995
2996
3000
7099
7101
3005
3010
3013
7110
7113
3017
7114
3022
3023
3026
7123
3029
3030
7130
3035
7133
3041
7140
3045
3046
3047
3050
7147
3051
3052
7150
3056
7152
3057
3059
7155
7156
7157
3061
3062
3063
3064
3068
7168
3076
7176
3081
3083
7180
3084
3086
7186
3090
3093
3094
3097
3098
7195
3100
3101
7203
7204
7206
3111
3119
3121
7217
7218
3122
3123
7220
3124
7221
7224
3130
3132
3133
7229
7230
3134
3135
3140
7236
7237
7239
7241
3147
3148
7245
3151
3153
7251
3156
7255
7256
3161
3162
7258
3165
7270
3174
3180
7280
7282
7285
7287
3195
3196
7292
3198
3199
7296
7297
7300
3204
7303
3208
3210
7307
3212
3214
3216
7313
7315
3220
3224
3225
7322
7323
3228
7325
7328
3233
7330
3234
3238
3239
3242
7338
3244
3248
7345
7350
3257
3258
7354
3261
3265
7361
3267
3268
7366
3271
7373
3277
3278
7375
7377
3281
7379
3283
7382
3287
7383
3290
3291
3293
7391
7394
7396
3301
7398
3302
7400
7401
7402
3307
7404
3309
3311
7410
3315
3316
3319
7416
3321
3323
3325
7421
7422
3329
3330
7429
7430
3335
3337
3338
3339
3341
7437
3344
7441
7442
7443
3350
7449
3354
7451
7454
7456
3363
3365
7464
7467
3372
3373
3374
7471
3378
3380
7479
3383
7481
3386
7484
3388
3391
3394
3396
7498
7500
7505
3415
7512
3420
3421
7517
3425
7524
3431
3434
7530
3439
3443
7539
7540
3445
3449
7549
3453
7552
3456
7553
7555
7556
3461
3463
3468
7564
3471
7568
3473
3474
3475
7571
7572
3477
7576
3481
7578
7579
7580
3485
3486
7583
3491
3492
7588
3495
3499
3501
7597
3506
3512
3515
7612
3517
7615
3522
7627
3531
3533
7631
7632
7634
7635
7637
3543
7639
3546
3551
3552
7648
3554
7652
3556
3560
7658
3563
3565
7662
3569
7665
7666
7668
3573
3574
3576
3577
7676
7677
7680
7681
3587
7684
7688
3594
3595
3600
7697
3601
7698
7699
3604
7701
7704
7705
7706
3611
3612
7710
3617
3618
3620
3624
7721
7723
7724
3630
3633
7729
7730
7733
3637
3642
3645
3651
3653
3657
3660
7756
3664
7761
7762
7763
3668
7765
7766
7773
7774
3679
3680
3685
7783
7786
7787
3695
3696
3698
7794
7796
7798
3703
7800
3706
3709
7805
7806
3710
7808
3713
3715
3717
3718
7814
3719
7816
7818
7819
3724
7821
3727
7825
3730
3732
3737
3738
3740
3741
3742
7840
3751
3753
3754
7854
3758
3759
7855
7856
3761
7858
7859
3764
7862
7864
7865
7866
7868
3772
3773
7873
3780
3782
3784
3785
7884
7885
3789
7887
7892
7895
3799
3800
3805
3811
3812
3817
7915
3819
7917
7919
3831
7932
3836
3839
7936
7937
7938
3842
7941
3846
7942
7945
3850
7946
3854
7953
3858
7956
3861
7958
3863
7962
3867
3868
3871
7969
7970
3874
7973
7974
3878
3879
3880
7976
7978
7980
7981
7982
7985
7986
3893
3897
8001
3907
3908
8004
8005
8006
3912
8009
3916
8013
8014
8015
3921
8021
3929
8025
8027
3932
3933
8032
3936
8033
3937
3942
3944
3946
8042
8045
3949
8046
3951
8050
3954
3955
3956
8052
3961
3962
8060
3965
8068
8069
8071
8073
8074
3979
8077
3983
8079
3985
8081
3986
8082
8086
8087
3991
3994
3996
8092
3997
8094
4000
4001
4002
8099
4005
4011
8107
8109
4014
8110
8112
8114
8115
8118
4028
4029
4031
8128
4034
4037
4039
8135
8137
8139
8140
8144
4050
8147
4055
4056
8152
8153
8157
8160
4064
8163
4067
4068
8164
8168
8169
4073
4078
4079
8177
4087
8184
4091
11
0
177
17
2
5
151
56
44
78
174
15
