4275
0
8192
1
2
8194
3
8195
5
8198
7
8
8200
11
8204
13
15
8207
16
8208
18
19
8211
21
8213
22
8215
24
8216
8217
26
8218
8219
28
29
8222
8224
33
34
35
8227
36
8228
8229
38
8230
40
8232
41
8233
42
8234
8237
8238
8239
48
8240
8241
8242
8243
8244
53
8245
54
8246
8247
8249
58
8250
8251
60
8252
62
8255
64
8256
8257
66
68
70
8262
71
72
8264
8266
75
76
8269
79
8271
8272
81
8274
84
8277
86
8278
88
89
8282
8284
94
95
96
8288
98
8290
99
101
8293
102
103
8297
106
8298
107
8299
108
8300
109
8301
110
8302
111
8304
8305
114
8306
115
8307
8308
118
8310
8311
8312
122
124
125
8318
127
8319
128
8320
8321
130
8322
8323
8324
8325
134
8326
135
136
137
8329
8330
141
8333
8334
8336
146
8338
148
8340
149
8342
152
153
8346
8348
157
8350
160
161
8353
162
8354
8355
165
8358
167
168
8360
169
8361
170
172
8365
174
175
8367
176
8371
8372
182
8374
183
184
187
188
189
192
194
195
197
198
200
201
207
210
211
214
221
226
229
230
232
235
238
239
240
242
243
245
246
247
250
251
252
253
255
256
257
258
259
262
263
264
269
270
271
273
274
277
278
282
284
286
287
288
289
290
292
293
294
295
296
299
302
308
309
311
312
315
316
318
319
321
322
323
324
325
326
328
333
334
335
336
337
338
339
341
342
343
347
349
350
352
353
355
356
358
360
361
363
367
368
370
371
372
374
375
376
377
378
380
382
383
384
385
386
388
390
396
399
401
404
408
409
411
412
416
420
422
430
431
432
434
436
437
439
443
445
446
447
450
451
454
455
461
463
465
466
468
469
472
474
475
477
479
481
482
483
485
487
488
489
490
493
494
495
507
508
509
510
511
513
517
518
520
522
523
524
525
526
527
529
530
531
532
533
534
535
537
541
543
548
550
552
553
555
557
559
567
568
570
575
577
578
579
581
582
584
586
588
590
594
596
601
602
604
606
611
612
613
614
617
618
620
622
623
624
626
628
630
634
636
637
646
652
653
655
658
663
665
666
667
668
669
672
673
675
676
681
682
683
684
687
690
697
698
699
702
708
710
712
713
716
717
720
721
722
724
725
727
728
730
731
733
737
739
740
743
745
746
747
748
749
751
753
754
757
759
760
761
763
764
766
768
770
772
774
776
777
779
781
782
783
784
785
786
787
789
792
795
797
798
800
806
807
811
812
813
815
816
820
826
827
829
830
832
834
835
839
840
842
843
845
847
848
850
852
854
855
856
857
860
863
865
867
874
875
878
883
884
887
888
889
892
896
897
901
903
904
907
909
913
914
916
917
918
921
922
925
928
931
932
933
935
937
939
941
943
944
945
946
949
950
951
952
953
959
960
961
964
967
968
970
971
973
975
977
979
980
982
985
988
989
991
993
994
997
998
1000
1001
1002
1003
1004
1005
1006
1010
1011
1012
1013
1015
1016
1017
1021
1022
1023
1025
1027
1029
1030
1032
1033
1034
1035
1037
1039
1040
1043
1045
1046
1048
1050
1053
1059
1060
1061
1062
1065
1069
1070
1073
1076
1077
1079
1080
1083
1084
1085
1087
1089
1094
1096
1098
1100
1102
1104
1106
1108
1109
1110
1111
1112
1113
1114
1115
1116
1117
1118
1119
1120
1121
1126
1127
1128
1130
1133
1134
1139
1141
1142
1143
1145
1146
1148
1154
1155
1158
1159
1165
1167
1171
1173
1174
1176
1182
1184
1185
1193
1194
1195
1196
1199
1200
1201
1203
1204
1205
1207
1208
1210
1214
1215
1217
1220
1222
1225
1228
1229
1232
1233
1234
1235
1237
1239
1243
1246
1248
1251
1252
1253
1255
1256
1257
1259
1260
1261
1262
1266
1268
1270
1272
1276
1279
1280
1281
1282
1286
1287
1289
1293
1295
1298
1299
1301
1302
1305
1309
1311
1312
1315
1316
1317
1318
1319
1326
1332
1333
1334
1338
1340
1344
1346
1349
1350
1353
1356
1357
1358
1360
1364
1366
1371
1372
1373
1375
1376
1377
1380
1383
1384
1386
1387
1388
1389
1390
1394
1396
1397
1401
1403
1407
1410
1413
1416
1417
1418
1421
1422
1426
1427
1428
1429
1430
1431
1432
1433
1434
1435
1436
1437
1439
1440
1441
1445
1447
1449
1451
1452
1457
1458
1459
1460
1461
1462
1464
1465
1466
1468
1469
1472
1476
1478
1479
1480
1485
1490
1492
1493
1494
1497
1498
1500
1501
1502
1509
1511
1515
1516
1517
1518
1524
1526
1529
1530
1531
1532
1533
1534
1536
1538
1540
1547
1548
1549
1550
1552
1553
1554
1556
1558
1561
1562
1564
1566
1568
1569
1570
1571
1573
1574
1575
1577
1578
1581
1583
1585
1592
1593
1594
1596
1598
1599
1602
1603
1604
1605
1606
1608
1609
1617
1620
1621
1622
1623
1627
1629
1633
1635
1636
1638
1639
1640
1643
1644
1645
1648
1649
1650
1651
1652
1653
1656
1657
1661
1663
1664
1665
1666
1667
1669
1670
1675
1677
1678
1682
1683
1685
1686
1690
1693
1694
1698
1701
1702
1705
1706
1707
1710
1712
1713
1716
1718
1719
1720
1721
1722
1724
1727
1728
1734
1737
1739
1740
1742
1744
1745
1747
1748
1751
1754
1756
1759
1763
1768
1770
1773
1774
1775
1777
1779
1780
1782
1785
1787
1790
1791
1792
1793
1795
1799
1801
1802
1803
1809
1810
1811
1815
1817
1819
1820
1822
1824
1825
1827
1828
1829
1831
1834
1835
1837
1838
1839
1840
1841
1844
1845
1850
1853
1855
1857
1858
1860
1861
1862
1863
1864
1865
1867
1877
1878
1879
1882
1884
1885
1886
1888
1891
1892
1893
1894
1895
1898
1899
1900
1901
1902
1905
1906
1909
1910
1916
1917
1918
1919
1920
1921
1922
1923
1924
1927
1929
1930
1931
1933
1934
1938
1940
1941
1946
1947
1948
1949
1950
1953
1954
1955
1957
1958
1960
1962
1965
1968
1969
1971
1973
1974
1979
1985
1987
1988
1990
1991
1992
1993
1994
1997
2000
2003
2006
2007
2008
2009
2011
2015
2017
2018
2020
2021
2022
2023
2025
2028
2029
2031
2033
2037
2041
2042
2043
2045
2046
2047
2049
2050
2051
2052
2054
2055
2059
2062
2063
2066
2068
2071
2073
2074
2075
2079
2082
2083
2084
2085
2089
2092
2093
2096
2097
2098
2102
2103
2106
2108
2111
2114
2115
2116
2117
2122
2124
2125
2128
2132
2136
2138
2143
2146
2148
2149
2150
2152
2153
2154
2156
2157
2159
2163
2164
2166
2167
2168
2170
2172
2175
2176
2179
2180
2181
2182
2184
2186
2189
2191
2192
2194
2197
2198
2199
2201
2203
2208
2209
2211
2212
2218
2219
2222
2224
2226
2227
2228
2230
2231
2234
2238
2239
2241
2243
2244
2246
2250
2251
2252
2253
2256
2257
2258
2260
2261
2262
2263
2269
2273
2278
2286
2287
2289
2291
2292
2295
2297
2299
2300
2303
2305
2306
2308
2312
2313
2314
2320
2324
2325
2327
2328
2334
2335
2336
2338
2339
2340
2341
2342
2345
2346
2347
2348
2349
2350
2354
2355
2357
2359
2361
2364
2366
2367
2373
2379
2380
2382
2385
2389
2390
2391
2393
2397
2401
2403
2404
2405
2407
2409
2410
2413
2416
2420
2423
2424
2425
2429
2430
2432
2434
2436
2439
2440
2444
2448
2450
2453
2455
2456
2457
2458
2459
2461
2462
2464
2465
2466
2467
2468
2470
2472
2473
2476
2477
2478
2480
2481
2483
2484
2487
2488
2490
2493
2495
2497
2499
2502
2503
2504
2507
2508
2510
2511
2512
2514
2517
2518
2519
2520
2521
2529
2530
2531
2532
2533
2536
2538
2539
2540
2542
2544
2546
2547
2548
2553
2554
2555
2556
2557
2558
2559
2560
2562
2564
2565
2566
2567
2569
2570
2573
2579
2580
2581
2582
2583
2586
2587
2588
2589
2590
2591
2593
2596
2598
2599
2601
2605
2606
2608
2612
2615
2625
2627
2628
2629
2630
2632
2635
2637
2638
2639
2641
2642
2643
2644
2645
2646
2648
2650
2651
2652
2653
2656
2658
2659
2661
2665
2666
2667
2669
2670
2671
2672
2673
2674
2676
2679
2680
2681
2682
2686
2690
2691
2692
2694
2695
2696
2697
2698
2699
2701
2706
2710
2712
2714
2719
2720
2721
2724
2725
2727
2728
2729
2732
2733
2734
2738
2741
2742
2746
2751
2753
2755
2756
2758
2760
2765
2766
2767
2768
2769
2770
2772
2774
2776
2780
2781
2783
2784
2788
2789
2793
2794
2798
2799
2801
2804
2805
2806
2807
2808
2809
2810
2814
2815
2818
2820
2821
2823
2824
2828
2832
2833
2834
2835
2836
2837
2841
2842
2843
2846
2847
2848
2849
2851
2852
2858
2859
2862
2865
2867
2868
2869
2870
2871
2874
2877
2878
2881
2884
2886
2888
2890
2892
2898
2899
2904
2905
2906
2907
2908
2909
2912
2917
2918
2919
2920
2922
2923
2925
2927
2928
2930
2931
2932
2934
2935
2936
2938
2940
2942
2949
2950
2951
2953
2954
2955
2958
2959
2962
2963
2964
2966
2967
2968
2969
2970
2976
2977
2978
2979
2981
2982
2983
2985
2986
2988
2989
2991
2993
2994
2996
2997
2999
3002
3003
3005
3006
3007
3011
3012
3013
3014
3015
3021
3023
3024
3025
3028
3030
3031
3032
3034
3036
3039
3040
3041
3045
3049
3052
3054
3055
3057
3061
3064
3068
3069
3070
3072
3073
3074
3075
3079
3082
3085
3091
3092
3093
3095
3096
3098
3100
3101
3102
3104
3105
3108
3109
3110
3111
3112
3115
3116
3117
3118
3120
3121
3123
3124
3128
3129
3130
3131
3132
3133
3134
3139
3141
3144
3145
3150
3151
3152
3153
3155
3159
3160
3162
3163
3165
3166
3167
3168
3169
3172
3179
3180
3184
3186
3188
3189
3190
3191
3193
3194
3198
3202
3205
3208
3211
3214
3215
3216
3217
3218
3219
3220
3222
3224
3225
3227
3228
3229
3230
3232
3233
3239
3241
3243
3246
3247
3248
3251
3254
3255
3258
3259
3264
3265
3266
3268
3273
3274
3275
3276
3279
3281
3282
3285
3286
3288
3290
3291
3293
3302
3303
3305
3309
3313
3314
3315
3318
3326
3330
3331
3335
3336
3338
3339
3340
3341
3342
3343
3345
3348
3349
3351
3352
3353
3354
3355
3357
3358
3361
3363
3365
3367
3370
3373
3375
3378
3381
3383
3384
3385
3387
3388
3390
3391
3392
3395
3396
3397
3400
3401
3402
3403
3404
3405
3407
3409
3410
3412
3414
3415
3417
3421
3425
3426
3428
3430
3431
3432
3433
3434
3438
3439
3441
3442
3443
3444
3445
3446
3448
3451
3453
3454
3455
3456
3460
3461
3467
3469
3470
3471
3472
3478
3480
3481
3483
3485
3489
3491
3492
3495
3497
3500
3501
3504
3505
3506
3509
3510
3511
3512
3513
3514
3515
3517
3518
3519
3520
3521
3525
3526
3527
3531
3532
3533
3534
3538
3539
3540
3541
3542
3543
3545
3548
3549
3550
3556
3560
3561
3562
3563
3564
3566
3567
3568
3569
3570
3571
3574
3576
3578
3579
3580
3582
3586
3589
3591
3594
3595
3596
3599
3601
3602
3603
3605
3606
3607
3610
3612
3614
3615
3616
3617
3618
3619
3620
3626
3627
3628
3629
3631
3635
3637
3638
3639
3640
3641
3642
3643
3644
3645
3649
3650
3652
3653
3654
3657
3659
3660
3661
3662
3666
3670
3671
3673
3674
3676
3679
3682
3684
3687
3688
3689
3690
3693
3697
3702
3704
3706
3708
3710
3712
3713
3717
3720
3722
3723
3724
3725
3726
3728
3729
3730
3731
3732
3733
3735
3737
3739
3740
3742
3743
3744
3746
3747
3749
3750
3751
3753
3756
3759
3762
3763
3765
3766
3767
3768
3769
3770
3771
3775
3777
3779
3780
3781
3783
3786
3788
3792
3793
3794
3795
3796
3798
3800
3803
3804
3805
3806
3809
3810
3813
3815
3816
3817
3818
3821
3822
3823
3826
3832
3833
3835
3836
3837
3839
3843
3850
3854
3855
3856
3857
3859
3860
3862
3864
3866
3867
3868
3872
3873
3874
3877
3879
3881
3883
3887
3890
3900
3906
3916
3917
3918
3920
3921
3923
3924
3925
3927
3928
3929
3931
3932
3933
3935
3937
3938
3939
3941
3943
3944
3945
3946
3948
3949
3950
3951
3953
3954
3956
3957
3959
3960
3962
3963
3964
3967
3968
3969
3970
3973
3977
3979
3980
3981
3982
3983
3984
3986
3989
3990
3992
3993
3995
3996
3997
3998
4000
4002
4007
4008
4009
4010
4012
4014
4015
4018
4019
4021
4022
4023
4024
4025
4026
4028
4030
4034
4035
4036
4040
4041
4042
4044
4045
4046
4047
4048
4049
4050
4052
4057
4058
4060
4061
4062
4063
4069
4074
4075
4076
4077
4082
4083
4085
4086
4090
4094
4096
4097
4098
4099
4107
4109
4112
4114
4120
4121
4122
4123
4124
4125
4131
4132
4133
4136
4140
4141
4144
4145
4147
4149
4150
4151
4154
4155
4157
4158
4159
4160
4162
4164
4170
4172
4173
4175
4177
4181
4182
4183
4185
4189
4190
4194
4198
4199
4201
4204
4205
4207
4210
4211
4213
4215
4217
4218
4220
4221
4222
4224
4228
4230
4231
4232
4233
4234
4235
4239
4240
4241
4242
4243
4244
4245
4247
4248
4249
4253
4254
4255
4256
4257
4259
4261
4262
4265
4266
4268
4269
4270
4271
4272
4273
4274
4276
4277
4283
4284
4287
4289
4290
4291
4292
4294
4295
4297
4299
4300
4302
4307
4308
4309
4310
4312
4314
4315
4318
4319
4325
4326
4329
4330
4333
4334
4335
4336
4340
4343
4344
4346
4348
4349
4352
4353
4354
4355
4357
4359
4361
4362
4364
4365
4367
4368
4369
4370
4372
4375
4376
4380
4382
4383
4385
4389
4390
4391
4392
4394
4395
4396
4401
4402
4403
4405
4406
4407
4411
4412
4416
4417
4418
4419
4420
4421
4424
4431
4433
4434
4437
4441
4442
4448
4450
4451
4452
4455
4460
4461
4465
4466
4468
4472
4474
4475
4476
4477
4479
4482
4483
4485
4487
4489
4490
4493
4494
4497
4498
4500
4502
4510
4511
4512
4513
4515
4517
4520
4521
4525
4528
4530
4533
4535
4537
4538
4541
4542
4544
4546
4548
4549
4550
4552
4555
4560
4561
4562
4563
4565
4566
4567
4568
4569
4572
4575
4576
4578
4580
4581
4582
4584
4587
4589
4593
4594
4595
4596
4597
4598
4599
4600
4601
4602
4604
4605
4606
4607
4608
4609
4610
4611
4615
4617
4618
4619
4620
4621
4622
4623
4625
4627
4628
4630
4631
4632
4633
4636
4637
4638
4640
4642
4644
4645
4648
4649
4653
4654
4660
4661
4662
4663
4666
4669
4670
4672
4673
4674
4677
4679
4686
4692
4696
4698
4699
4701
4704
4705
4706
4707
4709
4710
4712
4713
4715
4716
4719
4721
4724
4726
4731
4732
4733
4735
4736
4742
4743
4744
4745
4748
4751
4753
4756
4758
4762
4765
4768
4769
4771
4773
4775
4778
4780
4784
4785
4788
4789
4791
4794
4795
4797
4798
4799
4800
4807
4809
4812
4817
4818
4819
4822
4823
4825
4826
4828
4829
4830
4832
4835
4838
4839
4841
4846
4848
4849
4852
4855
4856
4857
4859
4861
4862
4865
4872
4873
4874
4875
4876
4877
4878
4883
4884
4887
4888
4889
4890
4893
4895
4897
4899
4900
4902
4903
4905
4906
4908
4909
4911
4916
4917
4918
4920
4921
4923
4924
4926
4927
4929
4932
4934
4935
4937
4938
4939
4941
4943
4944
4946
4947
4948
4949
4950
4951
4955
4957
4960
4962
4963
4964
4966
4967
4968
4974
4979
4985
4988
4990
4997
4998
5001
5003
5004
5005
5007
5011
5015
5016
5018
5019
5020
5021
5022
5024
5025
5026
5027
5028
5030
5031
5033
5034
5037
5042
5045
5046
5052
5053
5057
5059
5060
5061
5062
5066
5067
5069
5070
5072
5078
5080
5082
5083
5087
5089
5091
5093
5096
5097
5098
5102
5103
5105
5108
5115
5116
5117
5118
5120
5121
5123
5125
5129
5133
5134
5136
5139
5142
5143
5145
5148
5149
5150
5151
5152
5155
5157
5158
5159
5160
5165
5168
5170
5177
5179
5180
5182
5183
5184
5187
5190
5193
5194
5195
5198
5199
5205
5207
5209
5210
5211
5212
5214
5220
5222
5223
5227
5231
5232
5233
5234
5235
5236
5238
5245
5247
5251
5252
5253
5254
5255
5256
5257
5261
5263
5265
5266
5268
5271
5272
5274
5275
5276
5278
5280
5281
5282
5283
5285
5287
5288
5291
5294
5300
5301
5306
5307
5308
5310
5314
5319
5320
5321
5322
5325
5327
5328
5329
5330
5331
5334
5335
5336
5337
5338
5339
5343
5345
5346
5347
5349
5352
5353
5354
5355
5357
5360
5364
5368
5369
5370
5377
5378
5382
5383
5384
5385
5386
5389
5390
5392
5393
5394
5395
5396
5398
5400
5402
5404
5410
5411
5414
5415
5424
5426
5429
5430
5431
5432
5434
5437
5438
5439
5441
5442
5444
5445
5446
5447
5448
5449
5451
5452
5453
5456
5458
5461
5463
5464
5467
5468
5470
5472
5473
5474
5475
5476
5478
5479
5480
5482
5484
5485
5486
5487
5488
5489
5490
5491
5492
5493
5500
5502
5503
5505
5507
5510
5513
5515
5518
5519
5520
5523
5534
5536
5538
5539
5540
5542
5545
5546
5551
5552
5553
5555
5557
5558
5561
5562
5563
5568
5569
5572
5573
5575
5579
5580
5584
5586
5588
5589
5590
5591
5592
5599
5600
5602
5603
5605
5607
5608
5616
5617
5619
5620
5622
5623
5624
5628
5629
5630
5631
5632
5633
5634
5635
5636
5637
5641
5643
5644
5646
5647
5648
5649
5654
5655
5657
5658
5659
5662
5664
5665
5666
5668
5670
5671
5672
5676
5678
5679
5681
5683
5686
5687
5688
5695
5697
5698
5699
5700
5701
5704
5705
5708
5710
5713
5717
5721
5723
5726
5727
5728
5733
5735
5736
5737
5739
5740
5742
5743
5744
5745
5746
5747
5748
5751
5754
5756
5759
5760
5761
5763
5767
5771
5773
5774
5776
5777
5779
5780
5781
5786
5788
5791
5793
5794
5795
5796
5797
5802
5804
5805
5806
5807
5812
5814
5819
5820
5821
5828
5830
5831
5832
5834
5835
5836
5839
5840
5841
5844
5845
5848
5851
5855
5857
5870
5871
5872
5877
5878
5880
5881
5884
5885
5886
5887
5888
5890
5891
5894
5895
5896
5897
5898
5899
5901
5905
5906
5907
5908
5909
5910
5911
5914
5915
5916
5918
5919
5920
5923
5924
5928
5929
5935
5936
5938
5940
5943
5944
5946
5949
5950
5951
5952
5953
5954
5957
5959
5963
5964
5965
5974
5976
5977
5979
5981
5982
5985
5987
5988
5990
5991
5993
5994
5996
5998
6001
6003
6005
6007
6008
6009
6014
6015
6018
6023
6024
6027
6028
6029
6030
6031
6033
6034
6038
6039
6040
6042
6043
6045
6052
6053
6054
6055
6058
6061
6063
6064
6065
6068
6070
6072
6074
6075
6078
6080
6081
6082
6083
6086
6088
6091
6092
6093
6095
6096
6097
6098
6102
6103
6104
6105
6107
6109
6110
6115
6116
6118
6119
6120
6123
6127
6128
6129
6130
6131
6132
6134
6135
6139
6141
6142
6144
6145
6146
6147
6148
6150
6151
6152
6154
6155
6156
6158
6159
6162
6163
6165
6167
6172
6174
6176
6177
6179
6180
6181
6186
6187
6188
6189
6191
6195
6196
6198
6199
6201
6202
6203
6204
6206
6207
6208
6211
6212
6213
6215
6221
6222
6223
6225
6227
6229
6233
6235
6236
6237
6239
6240
6243
6244
6245
6246
6247
6248
6249
6250
6252
6254
6255
6256
6258
6260
6261
6263
6264
6265
6266
6268
6269
6270
6271
6272
6273
6274
6276
6278
6279
6280
6282
6283
6284
6285
6288
6291
6292
6294
6295
6296
6297
6300
6306
6308
6309
6311
6312
6318
6319
6321
6323
6324
6326
6330
6332
6333
6334
6336
6337
6339
6340
6341
6342
6343
6346
6347
6348
6350
6352
6353
6354
6355
6356
6358
6359
6360
6361
6362
6365
6366
6369
6371
6372
6375
6377
6378
6379
6381
6382
6386
6387
6388
6395
6396
6397
6398
6399
6401
6402
6403
6404
6406
6407
6409
6410
6411
6414
6415
6418
6419
6425
6426
6431
6438
6441
6442
6444
6445
6446
6447
6449
6455
6457
6460
6461
6462
6465
6466
6470
6471
6472
6474
6477
6480
6481
6483
6484
6486
6487
6489
6490
6491
6492
6505
6508
6509
6510
6511
6514
6517
6518
6520
6525
6526
6527
6528
6529
6530
6531
6533
6535
6537
6541
6544
6546
6547
6548
6549
6550
6551
6552
6554
6555
6557
6559
6560
6562
6563
6565
6568
6571
6572
6573
6574
6580
6581
6583
6584
6585
6587
6588
6590
6591
6592
6593
6594
6599
6600
6601
6602
6606
6609
6612
6613
6614
6615
6623
6625
6628
6629
6630
6631
6632
6633
6634
6637
6638
6639
6640
6641
6642
6643
6648
6649
6650
6651
6653
6656
6659
6661
6662
6664
6665
6670
6671
6672
6673
6676
6677
6678
6679
6680
6682
6691
6692
6693
6695
6696
6699
6700
6703
6704
6706
6707
6709
6712
6713
6714
6716
6721
6722
6723
6726
6729
6731
6732
6735
6740
6750
6751
6753
6754
6755
6757
6758
6759
6761
6764
6765
6766
6768
6770
6773
6774
6776
6777
6778
6779
6781
6784
6787
6788
6789
6790
6791
6792
6798
6802
6804
6806
6807
6808
6812
6813
6816
6817
6819
6825
6827
6829
6830
6831
6834
6835
6838
6840
6841
6845
6847
6849
6853
6854
6856
6857
6858
6859
6862
6865
6866
6869
6873
6875
6878
6879
6886
6887
6890
6891
6894
6896
6900
6902
6903
6904
6905
6907
6914
6918
6919
6920
6923
6925
6928
6930
6936
6937
6940
6943
6944
6945
6948
6949
6951
6952
6958
6959
6960
6963
6965
6967
6968
6971
6972
6973
6976
6977
6978
6980
6981
6984
6987
6989
6995
7000
7001
7003
7005
7008
7011
7014
7016
7017
7019
7022
7024
7026
7027
7028
7029
7030
7031
7033
7036
7037
7039
7041
7044
7046
7049
7050
7051
7052
7053
7055
7056
7058
7059
7060
7061
7062
7065
7066
7067
7069
7070
7072
7073
7074
7077
7080
7081
7084
7085
7088
7092
7095
7096
7098
7101
7104
7106
7107
7109
7110
7111
7112
7113
7115
7116
7117
7124
7126
7127
7129
7130
7131
7134
7135
7136
7138
7139
7140
7141
7142
7144
7145
7149
7150
7151
7152
7154
7156
7158
7160
7162
7165
7166
7167
7168
7169
7171
7176
7177
7178
7179
7181
7188
7190
7191
7192
7193
7194
7195
7198
7200
7201
7203
7204
7206
7207
7212
7213
7214
7216
7219
7220
7222
7224
7225
7232
7238
7239
7241
7242
7243
7245
7250
7252
7254
7255
7257
7262
7263
7264
7266
7271
7272
7275
7276
7278
7281
7284
7288
7290
7292
7293
7294
7297
7298
7299
7301
7303
7304
7306
7308
7309
7311
7315
7317
7318
7322
7325
7326
7327
7328
7329
7330
7331
7332
7333
7334
7335
7336
7337
7340
7342
7344
7345
7346
7348
7350
7351
7353
7356
7359
7361
7362
7364
7367
7368
7372
7373
7376
7378
7379
7384
7390
7392
7393
7394
7395
7396
7397
7400
7401
7403
7404
7412
7413
7415
7416
7418
7421
7423
7424
7426
7427
7430
7432
7433
7434
7435
7436
7439
7440
7443
7444
7445
7447
7448
7449
7450
7454
7456
7457
7458
7459
7461
7462
7463
7465
7466
7467
7469
7472
7473
7475
7476
7483
7485
7487
7488
7491
7492
7494
7496
7501
7503
7505
7508
7509
7511
7514
7515
7516
7517
7520
7521
7523
7526
7529
7535
7539
7541
7542
7544
7546
7548
7549
7550
7551
7554
7555
7556
7558
7559
7564
7569
7570
7572
7575
7578
7580
7583
7595
7598
7599
7602
7603
7606
7607
7609
7614
7615
7616
7618
7619
7621
7623
7624
7627
7628
7629
7630
7632
7633
7635
7638
7640
7641
7645
7646
7647
7650
7651
7655
7656
7658
7663
7665
7671
7672
7673
7674
7676
7678
7681
7682
7683
7684
7688
7689
7691
7692
7695
7697
7698
7699
7703
7705
7712
7714
7716
7717
7718
7719
7723
7724
7732
7733
7734
7736
7737
7739
7741
7742
7744
7747
7750
7752
7753
7755
7757
7758
7763
7765
7767
7768
7770
7772
7773
7776
7780
7781
7783
7785
7786
7788
7789
7792
7794
7801
7802
7806
7808
7809
7810
7811
7816
7817
7818
7819
7822
7823
7826
7833
7834
7835
7837
7838
7839
7840
7841
7843
7846
7849
7850
7851
7852
7853
7854
7855
7859
7860
7861
7864
7867
7870
7872
7873
7875
7880
7881
7882
7883
7885
7887
7888
7890
7894
7900
7901
7902
7903
7904
7906
7907
7909
7910
7913
7929
7930
7931
7934
7936
7939
7940
7941
7942
7943
7944
7949
7953
7954
7955
7957
7958
7960
7961
7962
7965
7967
7968
7969
7971
7975
7977
7978
7980
7981
7982
7984
7985
7987
7989
7992
7995
7996
7997
7998
7999
8001
8005
8006
8007
8010
8012
8013
8014
8015
8016
8017
8018
8019
8020
8021
8022
8024
8026
8027
8028
8032
8033
8034
8037
8038
8039
8040
8042
8043
8044
8045
8046
8048
8052
8053
8058
8060
8062
8064
8065
8066
8068
8069
8072
8073
8075
8077
8078
8079
8080
8081
8084
8085
8086
8087
8088
8089
8090
8091
8093
8095
8097
8100
8102
8103
8104
8105
8107
8108
8109
8111
8113
8114
8116
8119
8120
8121
8122
8125
8129
8131
8137
8140
8141
8143
8144
8145
8148
8150
8155
8156
8157
8158
8159
8165
8167
8170
8171
8173
8176
8179
8180
8181
8183
8185
8187
8188
8189
8190
8191
373
0
1
2
3
4
5
6
7
8
9
10
11
12
13
14
15
16
17
18
19
20
21
22
23
24
25
26
27
28
29
30
31
32
33
34
35
36
38
39
40
41
43
44
45
46
47
48
51
52
53
54
55
56
57
58
59
60
61
62
63
64
65
66
67
68
69
70
71
72
73
74
76
77
78
79
80
81
82
83
84
85
86
87
88
89
90
91
93
94
95
96
99
100
101
102
103
104
105
106
107
108
109
110
111
112
113
114
115
116
117
120
121
122
123
124
125
126
127
128
129
130
131
132
133
134
135
136
137
138
139
140
141
142
143
144
145
146
147
148
149
150
151
152
153
154
155
156
157
160
161
162
163
164
165
166
167
168
169
170
171
172
173
174
175
176
177
178
179
180
182
183
184
185
186
187
188
189
190
191
192
194
195
196
197
198
199
200
201
202
203
204
205
207
208
209
210
211
212
213
214
215
216
217
218
219
220
221
222
223
224
225
226
227
228
229
230
232
233
234
238
239
240
241
242
243
244
245
246
247
248
249
250
251
252
253
254
255
256
257
258
260
261
262
263
264
265
266
268
269
270
271
272
273
274
275
276
277
278
279
280
281
282
286
287
288
289
290
292
293
294
295
296
297
298
299
300
301
302
303
304
305
306
308
309
310
311
312
314
316
317
318
319
320
321
322
323
324
325
326
327
328
329
330
332
333
334
335
336
338
340
341
342
343
344
345
346
347
348
349
350
351
353
354
355
358
359
360
361
362
363
365
366
367
368
369
370
371
373
374
375
376
377
378
379
380
381
382
383
384
386
387
388
389
390
391
392
393
394
395
396
397
398
399
400
401
402
403
404
405
406
407
411
412
