1057
2
2050
2051
5
2054
2059
15
16
17
2066
18
19
2069
21
23
2071
2075
2076
30
31
2080
2081
33
2082
35
2083
37
2086
38
44
2092
45
2093
2095
50
51
52
53
2103
55
56
2105
57
2107
60
61
62
63
65
2113
67
2116
69
2117
71
73
2122
74
75
76
2125
2126
78
2128
80
81
2131
84
2134
2135
88
2137
91
92
94
97
2146
98
99
100
101
2149
2150
2151
105
2154
107
2155
2156
108
2158
112
2160
113
114
2165
2168
2169
121
122
2170
2172
124
126
2174
2175
2176
2177
130
2178
2179
2180
133
2181
2183
136
2184
2185
2186
2188
143
144
2193
145
147
149
150
2199
152
2200
2204
157
158
2206
2209
2211
2213
2214
167
2215
2217
2218
2219
172
2221
2223
175
2224
177
2228
182
184
2232
2233
2234
187
2235
188
2237
2238
191
2239
194
196
2245
2246
2247
2248
2249
207
2255
209
2258
2259
212
215
2263
2264
2266
218
2269
221
2270
224
2274
227
231
232
2281
233
2282
2283
236
2285
239
240
2289
243
244
2294
247
2295
2297
249
2301
2302
255
2303
2304
257
2305
259
260
262
2311
2312
2313
2314
267
2315
2317
271
273
2321
274
275
2323
276
2324
277
2328
281
2330
284
2334
2336
288
2338
290
2339
291
293
2341
2345
297
298
2346
300
2349
303
305
2354
2355
307
2357
2358
311
2360
313
2361
2363
315
316
2367
2369
321
2370
322
326
2375
2378
332
2381
334
2383
335
2385
339
2387
2390
342
2391
344
2393
345
347
2396
2398
2401
353
2402
354
355
2403
2404
357
2405
362
364
365
2413
2414
2416
2419
372
373
2421
374
375
2423
2424
2426
2427
2429
381
2433
385
386
2434
387
388
389
2437
2439
392
393
2441
2444
396
2446
400
2448
401
2450
2451
2452
405
406
409
2457
2458
410
2460
413
2462
415
2465
417
419
421
2470
425
2474
427
2475
429
430
432
433
2481
437
2485
438
2486
2488
441
442
443
2492
444
445
446
2496
2498
2500
2502
454
455
456
458
2508
461
2510
2511
463
465
2513
2514
467
2515
2517
2518
472
474
2523
2524
476
477
2526
480
2530
2533
487
2535
489
2541
2542
2543
495
496
2545
497
500
501
2549
2551
503
504
2553
506
507
508
2557
510
2559
513
2561
2563
516
517
2567
2568
2569
2570
2571
2572
525
2575
527
2576
529
2578
531
2580
2582
2583
536
2588
2589
542
2590
2591
544
545
2593
547
548
2597
2603
2607
559
561
2610
563
566
2615
568
2617
2619
571
2621
573
574
2623
577
578
2626
2627
579
582
2631
2632
585
2634
2636
2639
595
598
2647
600
606
2654
607
610
2658
612
2660
2661
614
2663
2664
2668
2669
622
2670
2673
2674
628
2677
2678
630
2680
633
636
637
642
646
647
651
653
656
660
663
664
665
677
679
684
685
686
689
692
693
696
701
705
706
708
710
711
713
714
716
720
721
722
723
724
725
726
729
733
738
740
745
748
758
763
767
768
769
771
773
775
776
778
782
784
785
787
790
791
795
800
802
803
804
805
811
813
818
822
827
828
829
841
847
849
851
853
856
859
862
864
866
871
878
880
881
884
886
892
896
899
901
905
910
912
914
917
922
923
925
928
932
935
936
940
945
946
950
954
956
957
960
962
963
964
966
968
972
973
974
979
981
985
987
988
989
991
992
995
996
998
1001
1002
1003
1004
1005
1006
1007
1008
1012
1015
1016
1020
1021
1030
1031
1032
1033
1037
1040
1043
1045
1046
1048
1050
1057
1058
1063
1064
1068
1071
1079
1080
1082
1086
1087
1089
1091
1092
1097
1101
1102
1103
1108
1113
1117
1118
1121
1122
1126
1131
1133
1135
1136
1142
1144
1145
1146
1149
1151
1152
1157
1159
1160
1165
1169
1170
1173
1174
1175
1185
1188
1189
1192
1200
1204
1209
1212
1214
1215
1218
1219
1220
1226
1227
1232
1233
1234
1235
1237
1240
1246
1247
1248
1250
1251
1252
1253
1256
1260
1261
1266
1268
1272
1273
1274
1276
1278
1280
1282
1284
1292
1297
1298
1303
1304
1305
1306
1311
1312
1313
1314
1317
1321
1322
1323
1325
1329
1342
1344
1346
1354
1358
1359
1361
1362
1365
1367
1369
1370
1371
1372
1373
1376
1379
1380
1382
1385
1386
1387
1388
1389
1397
1399
1402
1403
1405
1406
1409
1411
1412
1413
1414
1416
1417
1418
1419
1420
1421
1422
1425
1434
1435
1436
1438
1441
1446
1448
1451
1459
1461
1464
1465
1471
1472
1474
1478
1479
1481
1485
1487
1488
1490
1492
1494
1497
1501
1507
1510
1513
1514
1517
1518
1520
1523
1527
1529
1532
1536
1537
1541
1542
1544
1546
1547
1549
1551
1554
1558
1560
1562
1566
1567
1570
1573
1574
1579
1581
1588
1589
1593
1594
1599
1600
1601
1606
1607
1609
1611
1613
1617
1619
1623
1625
1626
1628
1629
1631
1634
1636
1637
1639
1641
1643
1645
1646
1647
1649
1651
1654
1655
1657
1659
1660
1666
1667
1668
1671
1672
1674
1676
1677
1679
1687
1688
1689
1696
1699
1702
1707
1708
1709
1710
1711
1712
1714
1715
1717
1719
1723
1727
1732
1734
1735
1736
1738
1743
1751
1752
1757
1759
1760
1761
1762
1768
1769
1770
1774
1777
1778
1779
1780
1783
1785
1787
1788
1790
1794
1796
1799
1801
1802
1803
1805
1809
1810
1813
1816
1817
1818
1819
1820
1822
1824
1825
1827
1828
1830
1831
1836
1840
1843
1844
1845
1850
1855
1856
1859
1860
1865
1867
1874
1877
1878
1880
1881
1885
1887
1889
1896
1897
1898
1903
1905
1909
1911
1915
1917
1921
1922
1923
1925
1926
1928
1929
1930
1935
1937
1938
1946
1950
1952
1955
1959
1962
1967
1971
1973
1974
1975
1979
1989
1992
1994
1995
1997
2001
2002
2007
2008
2012
2015
2017
2018
2019
2022
2025
2026
2027
2031
2038
2039
2041
2045
16
0
33
3
37
70
7
40
8
9
11
13
21
55
56
24
62
