3704
0
2
3
4
5
7
8
10
14
17
18
19
22
23
24
25
26
27
34
35
36
37
38
40
41
42
44
46
49
50
51
54
56
58
59
60
64
66
67
68
74
77
80
82
83
84
85
86
88
91
94
95
96
100
102
104
105
107
110
111
112
117
121
125
126
127
131
133
134
136
137
139
140
142
143
144
145
147
148
149
150
151
153
154
158
162
163
164
166
167
168
169
171
172
176
177
178
179
180
181
182
183
184
185
186
187
189
190
191
195
199
200
205
206
207
209
210
211
215
217
218
223
224
225
227
228
233
234
235
238
241
243
244
245
247
248
250
251
252
253
255
256
259
262
263
266
269
272
275
278
279
281
284
285
288
290
295
297
299
300
301
303
304
307
308
311
312
314
315
316
320
321
322
326
328
330
333
335
338
339
341
342
344
345
348
352
354
356
357
359
361
363
364
366
368
369
372
381
382
383
385
387
388
390
391
392
393
395
396
397
398
400
401
403
405
406
408
409
411
412
414
415
417
419
420
423
424
427
432
433
436
437
438
445
446
447
448
449
451
454
456
461
463
468
470
474
475
479
482
483
484
486
487
490
491
493
497
499
501
502
503
504
505
506
507
516
520
521
522
525
529
531
533
534
538
540
544
545
546
547
548
549
550
551
552
557
558
561
563
564
565
566
567
568
569
571
572
574
579
580
586
587
588
590
591
592
594
596
600
604
605
606
607
608
609
610
611
612
613
614
615
617
619
623
624
625
629
634
635
637
638
641
644
645
646
648
652
655
656
660
664
665
668
669
673
674
678
680
685
686
688
691
692
694
700
703
705
708
710
712
714
715
716
717
718
720
721
722
726
730
732
734
737
738
740
741
746
747
753
756
761
762
763
764
765
767
768
769
771
772
773
774
780
783
785
790
792
795
798
799
800
804
805
806
810
813
815
817
818
819
821
822
825
827
830
831
836
837
838
841
842
843
846
847
849
850
851
854
855
857
859
863
865
867
870
871
873
877
879
880
888
893
895
899
900
901
906
908
909
912
917
921
924
928
929
930
933
937
938
939
940
942
943
944
949
951
953
954
955
960
963
964
965
966
968
970
971
973
974
975
976
978
979
981
983
986
987
988
993
995
997
998
999
1002
1004
1005
1007
1011
1012
1014
1016
1017
1020
1021
1022
1026
1027
1028
1029
1033
1035
1038
1041
1043
1044
1045
1047
1048
1049
1051
1053
1054
1056
1057
1059
1062
1065
1066
1067
1070
1073
1074
1075
1076
1080
1082
1084
1086
1088
1089
1090
1091
1092
1093
1094
1095
1097
1098
1099
1100
1104
1105
1107
1113
1120
1122
1123
1127
1130
1131
1137
1147
1148
1149
1150
1151
1152
1153
1154
1155
1156
1158
1159
1162
1163
1171
1172
1175
1176
1180
1183
1184
1185
1186
1188
1189
1193
1197
1199
1201
1202
1203
1204
1207
1208
1209
1210
1211
1215
1216
1217
1219
1222
1223
1224
1226
1230
1231
1232
1233
1234
1238
1241
1242
1243
1246
1247
1249
1250
1253
1260
1262
1263
1267
1269
1270
1271
1273
1276
1277
1280
1282
1285
1289
1290
1293
1298
1301
1302
1305
1310
1311
1314
1315
1316
1317
1323
1324
1325
1327
1330
1331
1333
1334
1336
1337
1338
1339
1340
1341
1343
1344
1345
1348
1350
1351
1354
1358
1359
1360
1362
1364
1365
1366
1368
1369
1370
1373
1374
1375
1377
1380
1381
1382
1386
1387
1389
1390
1391
1396
1399
1400
1401
1402
1408
1409
1411
1412
1413
1415
1416
1417
1418
1420
1421
1422
1423
1427
1428
1429
1430
1431
1437
1439
1442
1444
1445
1446
1449
1452
1453
1456
1457
1458
1459
1460
1461
1467
1473
1474
1475
1477
1478
1480
1482
1484
1485
1490
1491
1492
1494
1500
1501
1503
1504
1507
1508
1509
1511
1512
1513
1514
1515
1516
1518
1519
1521
1524
1527
1531
1534
1535
1537
1538
1539
1540
1543
1544
1545
1546
1549
1550
1551
1552
1556
1557
1558
1559
1560
1561
1563
1565
1567
1569
1571
1574
1576
1577
1580
1582
1583
1585
1586
1592
1594
1596
1600
1602
1609
1610
1611
1613
1615
1616
1617
1619
1620
1621
1624
1626
1627
1630
1632
1633
1634
1636
1637
1639
1644
1647
1649
1652
1653
1656
1657
1658
1663
1670
1671
1672
1675
1676
1678
1679
1680
1684
1686
1687
1690
1691
1693
1694
1695
1696
1697
1699
1702
1703
1704
1705
1707
1711
1716
1717
1718
1722
1724
1726
1727
1729
1730
1731
1732
1733
1734
1735
1737
1742
1743
1744
1746
1749
1750
1752
1753
1754
1756
1757
1758
1759
1760
1761
1763
1764
1765
1768
1769
1773
1776
1777
1778
1782
1784
1785
1787
1789
1791
1796
1797
1798
1800
1801
1803
1804
1806
1809
1810
1811
1813
1814
1817
1819
1820
1821
1822
1824
1825
1828
1831
1833
1839
1840
1846
1849
1850
1851
1852
1855
1858
1860
1862
1867
1868
1871
1875
1876
1878
1879
1881
1883
1888
1889
1893
1895
1896
1897
1898
1901
1904
1906
1908
1909
1912
1914
1916
1922
1924
1926
1929
1930
1932
1933
1936
1938
1940
1941
1943
1947
1951
1952
1953
1954
1955
1959
1960
1961
1966
1969
1972
1973
1975
1976
1979
1981
1982
1984
1985
1988
1995
1996
1999
2000
2002
2003
2004
2007
2008
2010
2011
2012
2013
2014
2015
2022
2024
2026
2028
2034
2038
2041
2044
2047
2048
2049
2050
2053
2055
2058
2060
2061
2063
2065
2069
2072
2073
2077
2078
2083
2084
2085
2086
2089
2091
2095
2098
2099
2100
2103
2105
2107
2109
2110
2111
2112
2113
2114
2117
2121
2123
2124
2125
2126
2128
2129
2130
2133
2134
2137
2139
2140
2142
2143
2144
2147
2150
2152
2154
2155
2157
2158
2162
2164
2169
2171
2173
2175
2178
2180
2183
2185
2186
2191
2193
2195
2196
2198
2202
2205
2206
2207
2209
2210
2211
2212
2213
2217
2218
2220
2221
2222
2224
2225
2229
2231
2233
2236
2238
2241
2242
2245
2246
2248
2249
2251
2254
2255
2257
2258
2260
2262
2264
2267
2268
2270
2271
2272
2275
2276
2279
2280
2281
2282
2283
2285
2287
2290
2291
2296
2299
2300
2301
2302
2303
2304
2306
2307
2308
2311
2312
2315
2317
2319
2320
2325
2326
2329
2330
2331
2334
2335
2337
2338
2339
2340
2341
2342
2343
2347
2349
2350
2352
2353
2354
2355
2356
2357
2360
2363
2365
2366
2370
2372
2373
2374
2376
2377
2379
2381
2386
2387
2393
2397
2398
2399
2401
2404
2405
2406
2408
2410
2412
2414
2415
2423
2425
2426
2429
2430
2431
2432
2433
2435
2436
2437
2439
2441
2443
2445
2448
2449
2453
2454
2456
2459
2463
2464
2465
2468
2469
2471
2472
2473
2474
2476
2479
2481
2484
2485
2486
2488
2494
2498
2500
2501
2503
2504
2509
2510
2512
2513
2516
2517
2519
2521
2523
2524
2525
2527
2528
2529
2530
2532
2535
2538
2540
2543
2549
2550
2551
2553
2554
2558
2561
2562
2563
2568
2570
2572
2574
2575
2576
2577
2579
2580
2583
2586
2587
2588
2589
2590
2591
2592
2594
2595
2596
2599
2600
2601
2604
2606
2608
2609
2610
2611
2612
2615
2617
2618
2620
2623
2624
2625
2628
2629
2631
2634
2636
2637
2638
2640
2642
2644
2647
2651
2652
2655
2656
2658
2659
2660
2662
2664
2665
2668
2669
2670
2671
2673
2676
2680
2683
2684
2686
2687
2688
2689
2690
2691
2693
2694
2695
2700
2701
2702
2706
2707
2711
2713
2714
2715
2717
2718
2721
2724
2725
2727
2730
2734
2738
2740
2743
2745
2747
2750
2751
2754
2755
2757
2761
2764
2765
2766
2768
2770
2772
2773
2774
2775
2776
2779
2781
2782
2786
2787
2788
2791
2792
2796
2797
2801
2803
2811
2815
2816
2819
2820
2822
2825
2827
2830
2831
2832
2834
2835
2837
2838
2839
2840
2841
2842
2844
2845
2847
2848
2849
2850
2851
2852
2854
2856
2857
2859
2863
2867
2869
2871
2874
2877
2881
2883
2885
2886
2887
2888
2890
2892
2897
2898
2900
2904
2905
2906
2907
2908
2911
2913
2916
2917
2918
2920
2921
2922
2924
2927
2928
2929
2930
2931
2933
2936
2937
2939
2940
2942
2946
2949
2951
2952
2955
2957
2958
2960
2961
2966
2968
2969
2970
2971
2973
2974
2976
2977
2978
2980
2982
2985
2988
2991
2993
2998
3000
3004
3005
3007
3009
3012
3014
3015
3016
3019
3020
3022
3023
3025
3027
3031
3033
3034
3035
3037
3042
3043
3045
3047
3048
3053
3055
3056
3060
3062
3066
3068
3070
3071
3072
3075
3076
3078
3081
3084
3085
3087
3089
3090
3092
3093
3094
3096
3097
3098
3099
3100
3102
3104
3105
3106
3109
3110
3112
3114
3116
3119
3121
3122
3124
3127
3128
3131
3134
3136
3137
3138
3139
3140
3143
3148
3149
3150
3152
3153
3154
3156
3157
3159
3161
3164
3168
3169
3172
3173
3174
3175
3179
3180
3182
3186
3188
3191
3192
3193
3195
3196
3201
3202
3203
3205
3207
3208
3209
3210
3215
3217
3219
3220
3221
3223
3230
3234
3235
3236
3237
3238
3239
3240
3241
3242
3247
3248
3249
3251
3252
3253
3254
3256
3257
3258
3261
3262
3263
3265
3267
3269
3270
3271
3272
3273
3281
3282
3283
3284
3285
3286
3290
3291
3293
3294
3302
3303
3306
3308
3309
3314
3315
3316
3319
3320
3321
3322
3323
3325
3329
3332
3333
3335
3336
3337
3340
3345
3347
3348
3349
3350
3351
3352
3354
3355
3356
3359
3360
3364
3365
3368
3370
3377
3378
3380
3385
3389
3390
3391
3392
3393
3397
3399
3402
3404
3407
3413
3414
3416
3420
3424
3425
3426
3427
3430
3431
3432
3433
3434
3435
3436
3437
3438
3439
3442
3447
3449
3452
3455
3456
3457
3458
3459
3461
3463
3467
3468
3470
3474
3477
3478
3479
3480
3481
3482
3483
3485
3487
3488
3490
3491
3492
3493
3495
3499
3501
3502
3503
3505
3507
3508
3510
3512
3516
3519
3520
3521
3522
3524
3526
3527
3528
3530
3531
3532
3534
3536
3538
3539
3540
3544
3548
3549
3551
3552
3555
3557
3561
3564
3565
3566
3569
3571
3573
3574
3578
3579
3581
3582
3583
3589
3590
3593
3594
3597
3598
3600
3602
3604
3605
3606
3608
3613
3614
3617
3619
3620
3621
3622
3623
3624
3625
3630
3631
3632
3633
3634
3636
3638
3639
3642
3644
3645
3649
3650
3651
3657
3661
3666
3668
3674
3677
3680
3682
3685
3690
3692
3694
3697
3698
3704
3705
3706
3707
3709
3710
3713
3714
3715
3716
3717
3719
3720
3721
3724
3725
3727
3733
3736
3738
3740
3745
3746
3747
3751
3758
3759
3761
3765
3767
3768
3771
3772
3773
3774
3777
3787
3794
3795
3796
3798
3804
3805
3806
3809
3811
3812
3815
3824
3825
3826
3827
3829
3832
3835
3840
3841
3843
3844
3847
3848
3849
3850
3853
3854
3855
3857
3858
3859
3861
3863
3866
3867
3868
3869
3870
3872
3877
3878
3879
3880
3881
3882
3883
3886
3887
3888
3890
3895
3897
3900
3901
3902
3904
3906
3907
3908
3909
3910
3912
3913
3914
3916
3918
3919
3920
3925
3928
3929
3930
3933
3935
3936
3937
3939
3940
3941
3942
3944
3945
3947
3951
3952
3955
3957
3958
3961
3963
3964
3965
3971
3974
3975
3976
3977
3982
3983
3984
3985
3987
3989
3990
3994
3996
3999
4001
4005
4006
4007
4010
4011
4013
4017
4018
4020
4021
4022
4023
4025
4029
4031
4033
4034
4035
4036
4041
4042
4043
4044
4046
4051
4054
4057
4059
4061
4063
4064
4067
4069
4072
4076
4081
4082
4084
4087
4088
4089
4090
4092
4093
4094
4095
4099
4100
4102
4104
4106
4113
4115
4117
4119
4120
4121
4122
4125
4127
4128
4130
4132
4133
4135
4141
4142
4143
4146
4149
4151
4152
4154
4156
4158
4160
4163
4164
4165
4167
4171
4172
4173
4175
4177
4178
4183
4187
4188
4189
4190
4192
4194
4195
4198
4199
4202
4203
4204
4206
4207
4210
4211
4212
4213
4214
4215
4219
4221
4224
4225
4226
4227
4228
4229
4230
4233
4235
4236
4239
4241
4242
4243
4244
4245
4247
4248
4249
4251
4252
4253
4254
4256
4258
4259
4261
4264
4267
4269
4272
4273
4274
4276
4278
4281
4283
4286
4290
4291
4292
4293
4295
4296
4299
4300
4302
4304
4306
4308
4309
4313
4315
4316
4317
4320
4321
4322
4323
4324
4325
4328
4329
4330
4331
4336
4338
4339
4340
4342
4343
4344
4347
4349
4351
4352
4353
4354
4357
4360
4365
4366
4367
4368
4369
4371
4372
4373
4375
4380
4381
4382
4386
4388
4389
4390
4392
4393
4397
4400
4404
4409
4410
4413
4414
4416
4418
4420
4422
4424
4425
4426
4428
4430
4431
4432
4434
4435
4438
4439
4440
4448
4449
4455
4459
4460
4461
4462
4464
4469
4470
4471
4472
4474
4476
4480
4481
4484
4485
4486
4487
4490
4491
4493
4494
4496
4497
4500
4501
4502
4503
4508
4509
4511
4514
4515
4518
4521
4524
4528
4535
4536
4537
4539
4541
4542
4543
4544
4545
4546
4548
4550
4554
4556
4557
4562
4563
4564
4566
4567
4571
4572
4574
4575
4578
4579
4581
4584
4586
4587
4588
4589
4590
4591
4592
4593
4598
4599
4600
4601
4604
4605
4612
4613
4614
4615
4619
4621
4622
4623
4624
4626
4628
4629
4630
4632
4634
4636
4638
4640
4641
4647
4648
4649
4651
4652
4654
4655
4656
4657
4658
4661
4662
4663
4670
4672
4673
4677
4678
4679
4686
4689
4690
4692
4698
4700
4701
4702
4703
4704
4705
4706
4708
4709
4710
4712
4713
4717
4719
4720
4721
4723
4724
4726
4728
4730
4733
4734
4736
4738
4740
4743
4746
4747
4754
4756
4758
4759
4761
4762
4763
4765
4767
4770
4776
4777
4779
4780
4782
4786
4788
4792
4796
4797
4799
4800
4801
4802
4803
4804
4805
4806
4807
4810
4811
4812
4813
4814
4815
4816
4820
4821
4823
4824
4825
4827
4828
4833
4834
4835
4836
4837
4843
4844
4846
4854
4856
4857
4858
4859
4860
4861
4862
4863
4864
4865
4866
4867
4868
4869
4872
4873
4874
4875
4876
4878
4883
4885
4889
4890
4893
4897
4907
4908
4910
4911
4912
4914
4916
4917
4918
4920
4921
4922
4923
4925
4928
4929
4930
4931
4932
4937
4939
4941
4944
4948
4949
4950
4952
4954
4958
4959
4960
4962
4963
4966
4971
4972
4973
4974
4978
4979
4980
4981
4982
4986
4987
4988
4989
4992
4993
4996
4998
4999
5002
5003
5005
5006
5007
5010
5013
5017
5018
5020
5023
5025
5027
5028
5032
5034
5035
5038
5042
5045
5046
5047
5050
5052
5054
5056
5058
5060
5061
5062
5066
5067
5069
5073
5074
5075
5076
5078
5080
5081
5083
5084
5090
5091
5092
5093
5094
5095
5097
5098
5099
5104
5105
5116
5117
5119
5120
5122
5123
5125
5128
5129
5130
5131
5133
5139
5140
5142
5143
5144
5146
5147
5148
5150
5151
5152
5155
5156
5159
5161
5165
5168
5169
5170
5172
5174
5178
5180
5181
5183
5186
5187
5188
5189
5191
5194
5198
5199
5200
5204
5207
5210
5211
5212
5213
5214
5215
5218
5219
5221
5222
5223
5224
5227
5234
5235
5238
5240
5241
5244
5245
5247
5250
5251
5252
5253
5255
5259
5261
5262
5265
5266
5267
5268
5269
5277
5279
5281
5282
5283
5284
5285
5289
5292
5293
5294
5295
5296
5297
5300
5304
5305
5310
5311
5313
5314
5317
5318
5319
5320
5322
5324
5328
5330
5331
5332
5335
5337
5339
5341
5345
5346
5349
5350
5353
5354
5355
5356
5357
5358
5359
5361
5362
5365
5366
5367
5368
5371
5375
5376
5377
5378
5380
5382
5383
5384
5385
5392
5393
5399
5404
5409
5412
5413
5414
5415
5416
5417
5422
5423
5425
5426
5427
5428
5430
5431
5433
5435
5441
5442
5443
5447
5449
5450
5453
5454
5457
5459
5462
5465
5466
5467
5469
5473
5476
5479
5481
5483
5485
5487
5488
5489
5490
5491
5494
5495
5503
5504
5505
5506
5510
5511
5512
5515
5517
5521
5522
5525
5529
5530
5533
5536
5539
5540
5541
5542
5543
5547
5548
5549
5550
5552
5555
5556
5561
5563
5564
5565
5567
5569
5570
5571
5577
5579
5581
5584
5585
5590
5591
5594
5596
5597
5598
5600
5601
5607
5609
5615
5616
5618
5620
5621
5622
5627
5628
5629
5630
5632
5633
5634
5635
5636
5637
5640
5646
5647
5648
5651
5653
5654
5655
5657
5658
5659
5660
5661
5663
5665
5666
5667
5669
5670
5671
5672
5675
5677
5679
5681
5684
5685
5686
5687
5689
5690
5691
5692
5698
5699
5701
5704
5706
5707
5711
5713
5715
5716
5717
5718
5720
5721
5723
5724
5725
5726
5728
5729
5734
5736
5737
5738
5740
5741
5743
5744
5745
5746
5747
5748
5751
5752
5753
5754
5755
5756
5763
5765
5766
5767
5768
5771
5772
5774
5775
5776
5777
5778
5779
5780
5782
5784
5785
5786
5787
5789
5793
5794
5797
5801
5807
5810
5811
5813
5814
5816
5817
5818
5820
5821
5824
5825
5826
5827
5828
5829
5831
5833
5837
5838
5839
5842
5843
5848
5849
5850
5855
5858
5859
5861
5862
5864
5865
5866
5867
5868
5870
5871
5875
5876
5879
5880
5881
5883
5887
5888
5889
5891
5892
5893
5896
5901
5902
5905
5908
5909
5912
5913
5914
5916
5920
5926
5927
5928
5929
5933
5935
5936
5938
5941
5942
5943
5944
5945
5948
5949
5950
5951
5954
5958
5962
5964
5965
5966
5970
5972
5973
5974
5975
5978
5984
5988
5991
5992
5997
5998
5999
6001
6005
6012
6015
6017
6018
6020
6021
6023
6027
6029
6030
6031
6037
6039
6040
6041
6045
6046
6050
6051
6054
6056
6057
6060
6062
6063
6064
6065
6067
6068
6074
6076
6078
6080
6081
6085
6086
6088
6090
6095
6096
6097
6102
6103
6104
6105
6106
6107
6108
6109
6110
6112
6115
6116
6121
6122
6123
6124
6125
6126
6130
6131
6132
6133
6134
6135
6136
6138
6141
6143
6145
6147
6150
6152
6153
6154
6155
6160
6164
6165
6166
6167
6171
6172
6174
6177
6178
6181
6184
6190
6191
6192
6195
6198
6201
6202
6205
6207
6209
6211
6212
6214
6218
6225
6227
6230
6234
6236
6238
6241
6242
6243
6244
6245
6246
6247
6248
6249
6251
6252
6257
6262
6264
6265
6267
6268
6270
6272
6274
6275
6276
6277
6278
6279
6283
6284
6286
6292
6293
6294
6295
6296
6297
6301
6303
6304
6306
6308
6309
6310
6312
6314
6315
6316
6318
6319
6326
6327
6328
6329
6332
6335
6337
6339
6344
6348
6352
6355
6357
6358
6359
6360
6365
6366
6369
6370
6371
6376
6379
6380
6381
6382
6384
6385
6387
6388
6392
6393
6394
6395
6399
6400
6401
6402
6404
6405
6406
6408
6409
6410
6411
6412
6413
6417
6418
6420
6425
6429
6430
6433
6438
6439
6441
6443
6445
6447
6448
6454
6455
6456
6457
6460
6464
6466
6469
6470
6472
6474
6475
6476
6478
6479
6482
6483
6486
6487
6488
6495
6498
6500
6501
6503
6504
6505
6506
6507
6509
6512
6513
6515
6517
6518
6519
6521
6523
6525
6526
6530
6531
6533
6536
6539
6540
6542
6544
6548
6549
6551
6557
6559
6560
6561
6567
6568
6569
6573
6575
6576
6578
6580
6583
6584
6585
6586
6588
6590
6592
6596
6597
6600
6601
6602
6603
6604
6605
6609
6612
6614
6615
6617
6619
6621
6624
6627
6628
6629
6630
6631
6632
6635
6636
6637
6638
6639
6640
6642
6644
6645
6652
6653
6656
6661
6662
6666
6667
6669
6670
6671
6674
6676
6678
6680
6681
6683
6686
6687
6690
6691
6694
6696
6697
6699
6701
6702
6705
6706
6707
6713
6715
6716
6718
6719
6720
6721
6722
6723
6724
6729
6731
6732
6735
6736
6740
6741
6743
6746
6748
6749
6750
6751
6753
6754
6758
6759
6764
6765
6766
6767
6769
6770
6772
6773
6775
6776
6777
6779
6781
6784
6785
6786
6789
6790
6791
6793
6794
6796
6798
6800
6802
6805
6808
6810
6811
6812
6816
6817
6820
6821
6822
6830
6831
6832
6833
6835
6836
6837
6840
6841
6846
6848
6850
6851
6854
6855
6856
6859
6863
6867
6869
6871
6873
6875
6878
6879
6880
6881
6884
6885
6886
6888
6893
6895
6899
6900
6903
6904
6905
6906
6911
6912
6914
6916
6918
6920
6922
6923
6924
6926
6927
6930
6933
6934
6935
6936
6937
6938
6940
6943
6946
6947
6948
6950
6951
6956
6957
6958
6959
6960
6962
6963
6965
6966
6968
6970
6971
6973
6974
6976
6977
6981
6982
6983
6985
6989
6990
6991
6992
6993
6994
6995
6997
6998
6999
7002
7004
7005
7006
7007
7008
7009
7010
7014
7016
7018
7022
7025
7027
7028
7030
7031
7032
7033
7035
7036
7037
7039
7040
7041
7042
7045
7046
7050
7052
7053
7054
7055
7057
7059
7060
7063
7065
7066
7067
7069
7070
7074
7076
7079
7080
7085
7091
7092
7093
7095
7097
7100
7102
7113
7114
7115
7116
7118
7120
7121
7123
7124
7125
7126
7128
7129
7131
7135
7137
7138
7145
7148
7152
7154
7155
7157
7159
7161
7163
7164
7168
7169
7170
7172
7174
7175
7176
7177
7178
7180
7181
7182
7183
7187
7190
7194
7195
7197
7198
7199
7207
7208
7209
7211
7214
7215
7216
7218
7219
7223
7225
7230
7231
7232
7233
7235
7236
7237
7241
7243
7244
7246
7252
7255
7258
7259
7262
7263
7264
7266
7270
7271
7273
7274
7275
7277
7278
7282
7283
7285
7286
7287
7288
7293
7294
7297
7298
7299
7304
7305
7306
7307
7308
7309
7310
7315
7316
7317
7323
7325
7326
7328
7329
7330
7332
7333
7334
7335
7337
7338
7339
7340
7341
7342
7344
7347
7348
7351
7352
7355
7359
7360
7361
7364
372
0
1
2
3
4
5
6
7
8
9
10
11
12
13
14
15
16
17
18
19
20
21
22
23
24
25
26
27
28
29
30
31
32
33
34
35
37
38
39
40
41
42
43
44
45
46
48
49
50
51
52
53
54
55
56
57
58
59
60
61
62
63
64
65
66
67
68
69
71
72
73
74
75
76
77
78
79
80
81
82
83
84
85
86
87
89
90
91
92
93
94
95
96
97
98
99
100
101
102
103
104
105
106
107
108
109
110
111
113
114
115
116
117
118
119
120
121
122
123
124
125
126
127
128
129
130
132
133
134
135
136
137
138
139
140
141
142
143
144
145
146
147
148
149
150
151
153
154
155
156
157
158
159
160
161
162
163
164
165
166
167
168
169
170
171
172
173
174
176
177
178
179
181
182
183
184
185
186
188
189
190
191
192
193
194
195
196
197
198
199
200
201
202
203
204
205
206
207
208
209
210
212
213
214
215
216
217
218
219
220
221
222
223
225
226
227
229
230
231
232
233
234
235
236
237
238
239
240
241
242
243
244
245
246
247
249
251
253
254
255
257
258
259
260
261
262
263
264
265
266
267
268
269
270
271
272
273
274
275
276
277
278
279
280
281
282
283
284
285
286
287
288
289
290
291
292
293
294
295
296
297
300
301
302
303
304
305
306
307
308
309
310
311
312
313
314
315
316
317
318
319
320
321
322
323
324
325
326
327
328
329
330
331
332
333
334
335
336
337
338
339
340
341
342
343
344
346
347
348
349
350
351
353
354
355
356
357
358
359
360
361
362
363
364
365
366
367
368
369
370
371
372
376
377
378
379
380
381
382
384
385
386
387
388
389
390
391
392
393
394
395
401
