4072
8192
1
8193
8194
4
8196
6
8199
8200
9
8201
11
8203
8204
13
8205
8206
15
8208
8210
19
8213
8214
23
8215
24
8216
25
8219
28
8220
30
8224
33
34
8228
39
8231
42
8234
44
8236
46
8238
47
8239
48
8240
49
8241
50
51
8243
8244
53
54
55
8248
8249
60
8252
8254
64
8257
66
8258
67
68
69
71
8263
72
8264
75
76
8268
77
78
8270
80
8272
81
82
83
84
8276
8277
88
8280
89
90
8282
91
92
8284
8285
94
96
8288
97
8289
98
8291
100
8292
101
102
8296
105
8297
106
107
109
8301
8302
8303
8304
8305
114
8306
115
8307
8308
117
8309
8310
122
123
125
127
128
130
131
132
136
137
138
139
140
141
145
146
147
148
149
150
152
153
154
155
157
164
165
166
168
170
171
172
173
174
177
179
181
182
187
188
191
192
193
194
195
196
197
201
204
207
208
210
211
213
214
215
216
217
218
219
222
229
230
232
233
234
238
240
241
243
245
246
247
248
252
254
256
258
260
263
269
270
273
276
277
278
280
282
283
284
285
289
290
299
301
305
307
312
313
314
315
319
321
322
327
330
333
337
339
340
343
344
345
346
347
350
351
360
361
363
364
369
371
372
373
374
380
381
382
383
384
387
389
393
397
399
400
401
404
406
407
408
409
410
413
414
415
420
422
423
424
429
430
434
435
436
437
438
439
441
442
443
446
447
450
452
453
454
457
458
460
461
462
464
466
467
470
471
472
474
476
477
478
479
483
486
492
495
498
500
501
502
506
507
508
509
512
513
515
518
520
521
522
523
524
525
528
532
533
534
536
537
538
539
543
544
545
547
550
551
552
553
554
557
558
560
561
562
563
565
568
570
573
574
578
580
583
586
587
590
593
595
598
599
601
607
608
614
615
616
618
620
622
625
626
631
633
637
638
639
641
642
644
645
646
648
649
654
655
657
658
659
661
662
663
664
665
666
668
670
672
675
676
679
680
682
683
685
687
688
689
692
694
695
696
697
699
700
706
707
708
712
714
715
719
721
722
723
724
725
726
729
732
734
735
736
737
739
740
742
744
747
748
751
753
754
756
757
759
761
762
763
764
769
771
772
773
775
776
777
781
783
786
787
788
789
790
792
793
794
796
807
815
819
822
823
826
828
829
830
831
832
833
834
837
838
842
843
845
846
848
855
856
857
859
861
863
867
868
870
871
872
874
877
880
883
885
886
890
891
894
895
903
905
908
909
913
914
915
917
919
920
921
925
926
928
932
936
937
939
940
944
946
950
953
955
956
959
961
962
965
968
972
974
975
976
980
983
985
987
993
995
997
998
1003
1004
1009
1010
1012
1013
1016
1018
1020
1023
1027
1029
1030
1033
1034
1035
1036
1041
1043
1045
1047
1050
1052
1053
1054
1056
1058
1059
1061
1066
1070
1072
1074
1075
1077
1081
1082
1083
1085
1086
1088
1095
1098
1099
1106
1107
1108
1111
1114
1117
1118
1119
1122
1123
1125
1132
1134
1135
1137
1138
1140
1142
1143
1144
1148
1150
1153
1158
1161
1167
1169
1170
1171
1175
1177
1178
1184
1185
1187
1188
1189
1190
1191
1193
1194
1203
1205
1207
1211
1212
1214
1219
1222
1225
1230
1232
1233
1235
1237
1240
1243
1246
1249
1250
1251
1255
1260
1261
1262
1263
1264
1265
1266
1268
1269
1270
1272
1273
1274
1275
1277
1278
1280
1282
1283
1286
1289
1290
1291
1292
1295
1298
1300
1302
1303
1306
1307
1308
1310
1313
1314
1317
1318
1319
1320
1321
1322
1324
1325
1327
1328
1331
1332
1333
1337
1338
1339
1340
1341
1342
1343
1348
1350
1351
1352
1354
1355
1356
1359
1360
1361
1365
1366
1367
1369
1370
1371
1374
1377
1378
1381
1382
1384
1385
1386
1391
1393
1394
1395
1400
1403
1404
1405
1408
1410
1416
1418
1420
1421
1423
1426
1429
1431
1432
1437
1441
1445
1447
1453
1454
1457
1458
1462
1464
1469
1471
1472
1473
1475
1476
1477
1478
1479
1484
1486
1487
1489
1491
1492
1493
1497
1498
1499
1500
1501
1502
1510
1513
1514
1516
1517
1518
1519
1522
1523
1526
1528
1529
1530
1531
1532
1537
1539
1540
1541
1542
1543
1544
1545
1546
1548
1550
1551
1552
1553
1554
1555
1558
1559
1561
1563
1566
1567
1572
1573
1575
1577
1582
1583
1585
1589
1592
1593
1595
1596
1597
1598
1599
1600
1602
1607
1608
1609
1610
1611
1612
1614
1616
1619
1620
1628
1629
1631
1634
1639
1643
1644
1645
1646
1647
1651
1652
1655
1656
1658
1661
1663
1665
1668
1670
1671
1672
1675
1678
1680
1682
1683
1685
1697
1698
1701
1702
1704
1705
1706
1708
1716
1717
1718
1720
1723
1724
1727
1728
1731
1735
1737
1738
1740
1741
1743
1745
1746
1748
1752
1753
1754
1756
1757
1758
1759
1761
1762
1765
1766
1769
1770
1771
1772
1773
1777
1779
1783
1784
1786
1787
1795
1796
1797
1799
1800
1802
1803
1804
1809
1811
1812
1818
1819
1822
1824
1827
1828
1830
1832
1833
1837
1839
1841
1844
1852
1853
1854
1857
1859
1861
1863
1864
1865
1867
1868
1870
1871
1872
1873
1881
1882
1886
1889
1891
1892
1895
1897
1898
1899
1905
1906
1907
1908
1909
1910
1912
1913
1914
1917
1919
1924
1925
1926
1927
1928
1930
1931
1935
1937
1942
1945
1952
1953
1954
1956
1957
1959
1960
1961
1965
1966
1967
1968
1969
1971
1976
1982
1985
1987
1988
1989
1990
1991
1992
1994
1995
1997
1999
2000
2001
2002
2005
2006
2011
2018
2019
2021
2026
2027
2034
2036
2038
2044
2045
2047
2048
2051
2052
2054
2057
2059
2060
2061
2062
2063
2066
2067
2069
2070
2073
2074
2075
2076
2078
2081
2083
2085
2086
2089
2090
2095
2100
2101
2103
2106
2107
2109
2112
2113
2114
2115
2116
2118
2119
2121
2123
2125
2127
2129
2130
2131
2134
2138
2139
2141
2143
2144
2148
2151
2153
2154
2156
2157
2158
2159
2163
2166
2167
2170
2171
2176
2177
2178
2180
2184
2185
2186
2187
2189
2190
2191
2193
2196
2197
2199
2207
2208
2210
2212
2215
2216
2217
2218
2221
2222
2225
2226
2227
2228
2229
2230
2231
2233
2234
2236
2237
2239
2242
2243
2244
2245
2246
2247
2248
2249
2251
2253
2254
2256
2258
2260
2263
2264
2265
2267
2268
2269
2271
2273
2274
2276
2277
2279
2285
2286
2289
2290
2291
2294
2296
2300
2301
2302
2304
2307
2308
2309
2310
2312
2313
2315
2316
2318
2321
2322
2323
2325
2327
2328
2331
2335
2337
2342
2346
2351
2354
2355
2356
2357
2359
2361
2366
2369
2371
2373
2374
2375
2377
2378
2379
2382
2387
2388
2389
2393
2394
2398
2401
2405
2407
2409
2410
2414
2415
2416
2417
2422
2424
2427
2429
2432
2433
2438
2440
2441
2443
2447
2448
2452
2453
2454
2457
2461
2465
2468
2471
2474
2479
2481
2490
2491
2495
2497
2498
2499
2500
2502
2506
2508
2509
2510
2511
2515
2517
2519
2521
2523
2525
2527
2528
2529
2536
2541
2545
2546
2548
2549
2550
2552
2555
2558
2562
2563
2566
2571
2575
2576
2577
2580
2582
2586
2589
2591
2592
2593
2594
2595
2596
2597
2600
2601
2603
2604
2605
2608
2611
2612
2613
2615
2616
2624
2626
2627
2628
2629
2632
2633
2635
2637
2638
2639
2640
2643
2645
2646
2647
2648
2650
2651
2652
2653
2654
2658
2659
2660
2662
2664
2665
2667
2668
2669
2670
2674
2675
2677
2679
2680
2681
2683
2684
2685
2686
2687
2688
2690
2693
2695
2696
2697
2698
2699
2700
2701
2707
2708
2710
2711
2712
2713
2716
2719
2726
2727
2728
2729
2731
2733
2739
2741
2744
2745
2748
2751
2755
2756
2758
2760
2761
2763
2766
2768
2769
2770
2775
2776
2780
2783
2785
2786
2787
2790
2793
2794
2795
2799
2800
2802
2803
2810
2811
2813
2814
2815
2816
2820
2824
2826
2827
2831
2832
2834
2835
2836
2837
2838
2840
2841
2843
2845
2847
2848
2852
2853
2854
2855
2860
2863
2867
2870
2871
2872
2873
2874
2876
2877
2878
2881
2882
2884
2886
2888
2889
2890
2892
2894
2895
2901
2903
2907
2909
2912
2914
2915
2920
2925
2926
2930
2931
2932
2934
2935
2936
2937
2938
2939
2941
2945
2946
2947
2948
2950
2952
2953
2954
2956
2962
2965
2966
2967
2968
2969
2971
2972
2973
2974
2976
2980
2981
2983
2985
2987
2988
2990
2991
2993
2996
2997
2999
3000
3001
3002
3003
3005
3007
3018
3020
3021
3023
3024
3026
3028
3029
3031
3034
3036
3037
3038
3042
3043
3046
3048
3050
3053
3054
3057
3060
3061
3062
3064
3065
3066
3067
3069
3070
3075
3082
3085
3086
3088
3089
3090
3092
3097
3100
3104
3108
3109
3110
3111
3112
3113
3116
3118
3122
3124
3130
3133
3138
3139
3140
3144
3145
3146
3147
3148
3151
3153
3157
3158
3160
3161
3162
3163
3168
3174
3175
3177
3179
3181
3182
3187
3190
3192
3197
3198
3201
3202
3203
3205
3206
3209
3210
3211
3212
3216
3217
3218
3220
3224
3226
3229
3231
3232
3234
3235
3237
3241
3245
3246
3250
3251
3253
3254
3256
3260
3262
3263
3264
3267
3271
3272
3274
3276
3277
3278
3280
3289
3292
3295
3296
3297
3300
3305
3307
3313
3314
3316
3317
3318
3322
3323
3325
3326
3328
3330
3331
3332
3335
3338
3340
3341
3343
3346
3347
3348
3351
3352
3355
3357
3358
3359
3363
3367
3369
3370
3371
3372
3374
3376
3377
3381
3384
3387
3388
3394
3407
3409
3413
3414
3416
3420
3424
3425
3426
3430
3431
3434
3435
3436
3440
3441
3443
3448
3453
3456
3457
3458
3460
3461
3462
3463
3467
3474
3476
3478
3479
3481
3486
3487
3488
3489
3491
3493
3494
3496
3498
3499
3500
3502
3504
3505
3507
3509
3510
3511
3513
3515
3517
3518
3519
3520
3521
3523
3524
3530
3531
3534
3535
3538
3540
3546
3547
3548
3550
3551
3552
3553
3554
3555
3556
3557
3560
3563
3564
3565
3568
3569
3570
3573
3574
3575
3576
3577
3579
3580
3585
3586
3587
3589
3592
3599
3600
3601
3604
3605
3609
3612
3614
3615
3617
3618
3620
3621
3622
3624
3626
3628
3630
3634
3636
3639
3641
3644
3645
3646
3648
3650
3656
3657
3658
3660
3661
3662
3663
3665
3669
3670
3671
3673
3674
3676
3677
3678
3679
3682
3683
3684
3685
3686
3687
3691
3693
3694
3695
3696
3697
3698
3701
3709
3711
3715
3716
3717
3718
3719
3723
3724
3725
3730
3732
3733
3734
3737
3739
3741
3743
3746
3747
3750
3753
3754
3755
3757
3758
3760
3763
3764
3765
3768
3769
3770
3773
3774
3775
3776
3779
3781
3782
3783
3785
3786
3787
3788
3790
3791
3792
3793
3794
3796
3797
3798
3803
3804
3805
3807
3808
3811
3812
3815
3816
3823
3825
3827
3828
3830
3831
3833
3834
3839
3840
3843
3844
3845
3846
3847
3848
3849
3851
3853
3857
3858
3860
3862
3865
3866
3867
3870
3872
3874
3880
3881
3884
3885
3887
3891
3893
3898
3899
3901
3902
3904
3912
3913
3914
3916
3917
3918
3924
3929
3930
3932
3934
3935
3938
3940
3941
3942
3944
3947
3948
3949
3950
3951
3952
3957
3959
3966
3967
3969
3971
3972
3973
3974
3976
3979
3982
3983
3985
3986
3987
3988
3989
3992
3994
3995
3999
4005
4006
4007
4009
4011
4013
4015
4017
4018
4019
4020
4021
4026
4027
4028
4033
4035
4037
4039
4040
4041
4043
4044
4048
4049
4053
4055
4057
4058
4060
4063
4064
4065
4066
4068
4070
4071
4073
4077
4078
4079
4080
4081
4083
4085
4086
4090
4092
4094
4095
4097
4098
4103
4106
4108
4110
4113
4115
4117
4118
4120
4124
4127
4133
4135
4136
4140
4141
4142
4143
4144
4145
4147
4148
4150
4152
4154
4155
4158
4159
4163
4164
4165
4166
4167
4168
4169
4176
4178
4179
4180
4181
4186
4187
4190
4192
4193
4196
4197
4199
4200
4201
4202
4204
4205
4209
4214
4222
4223
4224
4226
4227
4229
4232
4233
4234
4237
4240
4245
4248
4249
4250
4251
4257
4258
4262
4263
4264
4265
4266
4268
4270
4271
4273
4274
4275
4279
4283
4285
4287
4288
4289
4290
4291
4293
4294
4296
4299
4301
4302
4303
4304
4305
4306
4309
4310
4311
4312
4313
4322
4326
4328
4329
4331
4332
4333
4335
4336
4337
4338
4343
4344
4348
4352
4357
4358
4359
4362
4364
4367
4368
4369
4370
4371
4376
4377
4381
4388
4389
4393
4394
4395
4398
4399
4401
4402
4403
4404
4406
4411
4412
4414
4417
4418
4419
4420
4422
4424
4425
4428
4431
4432
4435
4439
4443
4446
4449
4455
4456
4457
4458
4461
4463
4464
4466
4468
4470
4471
4474
4475
4476
4477
4478
4481
4482
4487
4488
4490
4491
4494
4495
4496
4497
4498
4499
4501
4504
4505
4506
4508
4509
4511
4512
4515
4516
4517
4518
4521
4523
4524
4526
4528
4534
4536
4537
4541
4542
4543
4546
4547
4548
4553
4558
4559
4560
4561
4562
4566
4567
4568
4569
4570
4572
4573
4575
4576
4577
4580
4581
4582
4583
4584
4587
4590
4591
4592
4593
4594
4598
4599
4600
4601
4602
4607
4608
4612
4613
4614
4615
4619
4620
4623
4628
4632
4633
4635
4636
4639
4640
4641
4643
4644
4646
4648
4649
4651
4652
4653
4658
4669
4670
4674
4675
4676
4679
4681
4682
4685
4686
4688
4689
4692
4695
4697
4698
4699
4700
4703
4704
4706
4708
4710
4711
4712
4714
4719
4720
4722
4725
4727
4729
4732
4733
4737
4743
4744
4745
4747
4751
4753
4754
4755
4758
4759
4760
4761
4762
4763
4767
4769
4770
4772
4773
4775
4776
4780
4783
4784
4785
4788
4790
4792
4794
4801
4803
4806
4808
4809
4811
4816
4817
4818
4820
4822
4823
4825
4828
4830
4832
4833
4835
4837
4840
4841
4842
4846
4847
4848
4849
4851
4852
4854
4855
4859
4862
4864
4865
4866
4867
4870
4872
4878
4879
4881
4886
4888
4891
4893
4895
4898
4902
4905
4907
4908
4910
4911
4912
4913
4915
4916
4918
4921
4923
4925
4928
4931
4932
4934
4938
4939
4941
4944
4949
4950
4951
4952
4953
4955
4960
4961
4962
4963
4964
4965
4966
4969
4972
4973
4974
4975
4976
4980
4981
4983
4984
4986
4987
4988
4989
4990
4991
4994
4995
4996
4998
5000
5003
5007
5009
5010
5011
5014
5021
5022
5025
5027
5030
5031
5037
5042
5043
5044
5047
5048
5050
5052
5055
5056
5057
5063
5064
5066
5067
5070
5072
5073
5076
5077
5078
5079
5080
5082
5083
5084
5085
5086
5087
5089
5090
5091
5097
5099
5100
5101
5102
5104
5106
5110
5113
5116
5117
5118
5119
5120
5121
5128
5130
5131
5132
5134
5135
5136
5139
5140
5146
5147
5148
5152
5153
5154
5155
5156
5158
5159
5163
5165
5167
5169
5170
5174
5179
5180
5181
5185
5188
5189
5193
5194
5198
5200
5201
5204
5205
5212
5214
5215
5216
5218
5220
5221
5225
5229
5232
5234
5237
5238
5239
5240
5241
5248
5250
5253
5255
5256
5258
5259
5261
5267
5268
5271
5272
5274
5276
5279
5281
5282
5283
5285
5286
5287
5290
5292
5294
5297
5305
5306
5308
5310
5311
5312
5314
5315
5316
5318
5319
5322
5325
5327
5328
5331
5334
5337
5340
5344
5345
5349
5351
5354
5357
5358
5359
5362
5364
5365
5366
5368
5369
5371
5373
5378
5379
5380
5381
5382
5387
5388
5390
5391
5392
5394
5396
5398
5400
5402
5403
5404
5405
5409
5412
5413
5415
5417
5419
5420
5421
5422
5424
5427
5428
5429
5430
5433
5435
5436
5437
5438
5439
5440
5443
5444
5446
5447
5448
5449
5450
5452
5455
5458
5461
5462
5463
5469
5471
5474
5476
5477
5480
5481
5482
5484
5486
5487
5488
5494
5495
5497
5499
5503
5505
5510
5514
5516
5517
5518
5519
5521
5523
5525
5526
5528
5531
5534
5535
5538
5540
5542
5544
5547
5554
5555
5556
5558
5560
5561
5566
5572
5573
5574
5580
5581
5582
5584
5585
5587
5589
5591
5592
5593
5595
5597
5598
5602
5603
5605
5612
5613
5614
5615
5616
5619
5620
5621
5622
5624
5625
5626
5627
5629
5631
5632
5633
5634
5637
5642
5643
5644
5646
5648
5649
5650
5651
5652
5653
5654
5656
5657
5663
5664
5665
5669
5671
5672
5673
5678
5679
5680
5682
5684
5685
5686
5688
5690
5691
5692
5696
5697
5698
5699
5700
5707
5708
5710
5711
5716
5717
5719
5720
5722
5723
5724
5725
5728
5730
5732
5733
5734
5735
5738
5741
5742
5749
5750
5751
5752
5753
5757
5758
5759
5760
5762
5764
5765
5769
5771
5774
5777
5778
5779
5780
5781
5783
5784
5788
5793
5795
5797
5798
5802
5803
5807
5808
5811
5815
5818
5820
5822
5824
5825
5826
5827
5828
5830
5832
5834
5836
5837
5841
5843
5844
5845
5846
5848
5850
5851
5853
5856
5859
5860
5861
5863
5864
5866
5867
5868
5871
5872
5873
5874
5876
5877
5879
5881
5882
5883
5885
5889
5891
5892
5893
5895
5896
5897
5899
5902
5906
5908
5911
5912
5916
5917
5918
5920
5921
5922
5928
5929
5930
5935
5936
5937
5939
5941
5942
5943
5945
5947
5948
5953
5954
5956
5958
5959
5960
5962
5963
5968
5969
5972
5973
5975
5977
5978
5979
5980
5982
5983
5985
5989
5990
5992
5993
5996
5999
6000
6007
6008
6009
6010
6011
6013
6017
6018
6021
6022
6023
6025
6026
6028
6030
6036
6043
6044
6045
6046
6047
6049
6054
6056
6057
6067
6068
6069
6071
6075
6076
6078
6080
6081
6082
6084
6085
6087
6088
6089
6090
6092
6096
6098
6104
6105
6108
6109
6110
6111
6112
6114
6115
6117
6118
6123
6125
6128
6129
6132
6134
6135
6136
6138
6140
6142
6145
6146
6147
6148
6149
6150
6152
6156
6157
6158
6161
6162
6163
6165
6168
6171
6174
6177
6178
6179
6180
6185
6189
6190
6191
6193
6194
6195
6197
6202
6205
6206
6207
6212
6218
6219
6220
6221
6222
6223
6224
6225
6229
6230
6233
6235
6236
6237
6238
6240
6243
6246
6247
6248
6249
6255
6256
6258
6259
6261
6263
6266
6268
6271
6272
6275
6278
6279
6280
6281
6282
6283
6284
6287
6288
6289
6290
6293
6294
6295
6298
6307
6308
6309
6310
6313
6316
6317
6319
6326
6329
6330
6332
6334
6338
6343
6345
6346
6347
6349
6351
6355
6356
6358
6360
6363
6365
6367
6368
6369
6370
6375
6379
6380
6384
6385
6389
6391
6393
6394
6395
6396
6400
6403
6406
6407
6408
6409
6411
6414
6415
6416
6417
6419
6422
6423
6424
6425
6426
6429
6431
6433
6437
6439
6440
6444
6445
6447
6449
6451
6454
6455
6456
6458
6459
6460
6461
6463
6464
6467
6469
6470
6471
6472
6476
6477
6478
6480
6482
6483
6486
6488
6489
6491
6495
6496
6497
6498
6499
6501
6505
6508
6510
6511
6512
6516
6519
6523
6525
6527
6531
6532
6533
6537
6538
6539
6540
6541
6542
6543
6544
6548
6550
6551
6552
6553
6554
6557
6565
6567
6570
6574
6575
6578
6579
6580
6583
6586
6588
6591
6594
6595
6596
6600
6603
6604
6605
6606
6609
6614
6617
6619
6620
6623
6624
6626
6629
6633
6634
6635
6636
6639
6640
6641
6642
6643
6645
6646
6651
6652
6653
6654
6655
6656
6658
6662
6663
6664
6667
6669
6670
6672
6673
6674
6675
6676
6681
6682
6683
6690
6691
6692
6695
6698
6699
6702
6703
6704
6707
6710
6711
6712
6719
6721
6722
6724
6725
6726
6728
6729
6731
6733
6734
6736
6738
6739
6740
6741
6742
6743
6745
6750
6754
6758
6761
6762
6764
6768
6770
6771
6774
6776
6782
6783
6784
6785
6788
6791
6793
6794
6795
6796
6797
6799
6801
6802
6803
6804
6805
6809
6811
6812
6814
6815
6816
6818
6820
6821
6822
6823
6825
6826
6827
6830
6831
6832
6833
6834
6835
6843
6844
6847
6848
6850
6852
6857
6858
6859
6860
6862
6864
6865
6869
6870
6871
6872
6875
6876
6882
6886
6887
6890
6894
6895
6896
6898
6900
6901
6902
6903
6904
6906
6909
6911
6914
6917
6918
6919
6920
6922
6923
6926
6928
6929
6931
6934
6935
6938
6940
6942
6943
6944
6946
6949
6950
6952
6954
6959
6960
6961
6962
6964
6965
6966
6971
6972
6973
6975
6976
6977
6981
6982
6983
6984
6987
6988
6989
6991
6995
6998
7000
7002
7003
7006
7007
7008
7010
7011
7012
7015
7017
7018
7020
7022
7025
7026
7027
7033
7034
7035
7036
7038
7039
7041
7042
7043
7044
7045
7046
7050
7053
7054
7061
7062
7064
7065
7066
7069
7070
7072
7078
7079
7083
7084
7086
7087
7088
7090
7092
7093
7096
7098
7099
7102
7104
7105
7108
7110
7111
7113
7115
7117
7119
7122
7123
7125
7127
7129
7130
7131
7132
7133
7134
7136
7138
7139
7140
7141
7142
7146
7147
7149
7150
7154
7155
7158
7165
7170
7171
7172
7176
7179
7182
7186
7187
7188
7189
7191
7192
7195
7198
7200
7202
7208
7211
7212
7214
7216
7217
7220
7221
7222
7224
7227
7228
7231
7232
7233
7236
7237
7241
7243
7244
7246
7254
7255
7257
7259
7261
7262
7266
7270
7272
7278
7280
7281
7286
7289
7290
7294
7297
7298
7299
7301
7303
7305
7307
7309
7310
7311
7313
7314
7315
7316
7317
7322
7323
7325
7327
7329
7333
7335
7336
7337
7338
7339
7345
7346
7352
7353
7355
7356
7357
7358
7360
7361
7363
7364
7365
7366
7367
7369
7377
7378
7379
7380
7381
7385
7386
7387
7389
7390
7393
7395
7396
7397
7398
7400
7402
7403
7404
7405
7408
7418
7420
7421
7422
7426
7427
7430
7434
7435
7437
7439
7443
7445
7446
7448
7449
7450
7451
7452
7454
7456
7457
7460
7461
7464
7465
7466
7467
7469
7471
7474
7479
7481
7483
7486
7491
7494
7496
7497
7498
7500
7502
7504
7510
7517
7518
7519
7521
7522
7525
7526
7527
7529
7531
7532
7536
7537
7540
7543
7544
7548
7549
7553
7555
7556
7559
7562
7563
7565
7566
7567
7568
7574
7576
7577
7579
7580
7581
7582
7584
7585
7586
7587
7588
7589
7591
7593
7595
7601
7602
7603
7606
7607
7609
7613
7615
7616
7617
7619
7620
7622
7624
7625
7626
7627
7628
7630
7631
7633
7634
7635
7636
7639
7641
7646
7647
7651
7655
7656
7661
7663
7666
7667
7668
7670
7674
7677
7680
7684
7686
7690
7691
7696
7698
7700
7701
7703
7704
7707
7709
7710
7711
7712
7713
7714
7716
7717
7718
7720
7723
7725
7726
7728
7731
7733
7734
7736
7737
7738
7746
7750
7751
7753
7757
7758
7759
7760
7763
7765
7768
7769
7771
7772
7773
7774
7775
7776
7781
7784
7785
7786
7787
7788
7789
7792
7793
7795
7796
7798
7800
7801
7804
7805
7806
7807
7809
7811
7814
7815
7816
7818
7819
7820
7823
7827
7828
7830
7833
7839
7840
7843
7844
7845
7851
7852
7853
7854
7858
7863
7865
7867
7871
7874
7877
7881
7884
7888
7889
7890
7893
7894
7895
7900
7901
7903
7904
7905
7906
7908
7909
7910
7913
7918
7919
7920
7921
7922
7923
7925
7927
7928
7933
7935
7937
7938
7940
7942
7943
7945
7946
7949
7952
7954
7955
7957
7958
7969
7970
7971
7974
7977
7979
7982
7983
7984
7985
7986
7988
7991
7992
7994
7997
8000
8001
8003
8005
8013
8014
8015
8016
8018
8019
8027
8028
8032
8033
8034
8035
8036
8039
8043
8045
8046
8048
8049
8050
8054
8057
8061
8062
8063
8065
8069
8078
8079
8082
8083
8084
8086
8087
8088
8097
8098
8099
8100
8101
8102
8103
8104
8105
8107
8111
8113
8114
8116
8118
8119
8121
8123
8124
8125
8126
8127
8130
8132
8134
8135
8137
8139
8140
8141
8143
8145
8150
8151
8154
8155
8156
8159
8160
8164
8165
8168
8169
8173
8175
8176
8177
8178
8180
8181
8182
8183
8184
8187
8189
8190
149
0
1
2
3
4
5
6
7
8
9
10
11
12
13
14
15
16
17
18
19
20
21
22
23
24
25
26
27
28
29
30
31
32
33
34
35
39
40
41
42
43
44
45
46
47
48
49
50
51
56
57
58
59
60
61
62
63
64
65
66
67
72
73
74
75
76
77
78
79
80
81
84
85
86
87
88
89
90
91
92
93
94
98
99
100
101
102
103
104
105
106
107
108
109
111
113
114
115
116
117
118
119
120
121
122
125
127
128
129
130
131
132
133
134
135
136
137
141
142
143
144
145
146
147
148
149
150
151
155
156
157
158
159
160
161
162
163
164
166
167
168
169
170
171
172
173
174
175
176
